"CHANNEL SELECT","sendir,1:1,1,38000,1,69,339,171,21,21,21,63,21,21,21,21,21,63,21,21,21,63,21,63,21,21,21,21,21,63,21,63,21,21,21,63,21,63,21,21,21,21,21,21,21,63,21,21,21,21,21,21,21,63,21,21,21,63,21,63,21,21,21,63,21,63,21,63,21,21,21,63,21,1509,339,84,21,3634","0000 006E 0022 0002 0153 00AB 0015 0015 0015 003F 0015 0015 0015 0015 0015 003F 0015 0015 0015 003F 0015 003F 0015 0015 0015 0015 0015 003F 0015 003F 0015 0015 0015 003F 0015 003F 0015 0015 0015 0015 0015 0015 0015 003F 0015 0015 0015 0015 0015 0015 0015 003F 0015 0015 0015 003F 0015 003F 0015 0015 0015 003F 0015 003F 0015 003F 0015 0015 0015 003F 0015 05E5 0153 0054 0015 0E32",,

"CURSOR DOWN","sendir,1:1,1,38000,1,1,341,171,21,21,21,64,21,21,21,21,21,64,21,21,21,64,21,64,21,64,21,21,21,64,21,64,21,21,21,64,21,64,21,21,21,64,21,64,21,21,21,21,21,21,21,21,21,21,21,64,21,21,21,21,21,64,21,64,21,64,21,64,21,64,21,21,21,1474","0000 006D 0000 0022 0155 00AB 0015 0015 0015 0040 0015 0015 0015 0015 0015 0040 0015 0015 0015 0040 0015 0040 0015 0040 0015 0015 0015 0040 0015 0040 0015 0015 0015 0040 0015 0040 0015 0015 0015 0040 0015 0040 0015 0015 0015 0015 0015 0015 0015 0015 0015 0015 0015 0040 0015 0015 0015 0015 0015 0040 0015 0040 0015 0040 0015 0040 0015 0040 0015 0015 0015 05C2",,

"CURSOR ENTER","sendir,1:1,1,38000,1,69,341,171,21,21,21,64,21,21,21,21,21,64,21,21,21,64,21,64,21,64,21,21,21,64,21,64,21,21,21,64,21,64,21,21,21,64,21,64,21,64,21,21,21,64,21,21,21,21,21,64,21,21,21,21,21,21,21,64,21,21,21,64,21,64,21,21,21,1474,341,87,21,3649","0000 006D 0022 0002 0155 00AB 0015 0015 0015 0040 0015 0015 0015 0015 0015 0040 0015 0015 0015 0040 0015 0040 0015 0040 0015 0015 0015 0040 0015 0040 0015 0015 0015 0040 0015 0040 0015 0015 0015 0040 0015 0040 0015 0040 0015 0015 0015 0040 0015 0015 0015 0015 0015 0040 0015 0015 0015 0015 0015 0015 0015 0040 0015 0015 0015 0040 0015 0040 0015 0015 0015 05C2 0155 0057 0015 0E41",,

"CURSOR LEFT","sendir,1:1,1,38000,1,1,341,171,21,21,21,64,21,21,21,21,21,64,21,21,21,64,21,64,21,64,21,21,21,64,21,64,21,21,21,64,21,64,21,21,21,21,21,21,21,64,21,21,21,21,21,21,21,21,21,64,21,64,21,64,21,21,21,64,21,64,21,64,21,64,21,21,21,1474","0000 006D 0000 0022 0155 00AB 0015 0015 0015 0040 0015 0015 0015 0015 0015 0040 0015 0015 0015 0040 0015 0040 0015 0040 0015 0015 0015 0040 0015 0040 0015 0015 0015 0040 0015 0040 0015 0015 0015 0015 0015 0015 0015 0040 0015 0015 0015 0015 0015 0015 0015 0015 0015 0040 0015 0040 0015 0040 0015 0015 0015 0040 0015 0040 0015 0040 0015 0040 0015 0015 0015 05C2",,

"CURSOR RIGHT","sendir,1:1,1,38000,1,1,341,171,21,21,21,64,21,21,21,21,21,64,21,21,21,64,21,64,21,64,21,21,21,64,21,64,21,21,21,64,21,64,21,21,21,64,21,21,21,64,21,21,21,21,21,21,21,21,21,64,21,21,21,64,21,21,21,64,21,64,21,64,21,64,21,21,21,1474","0000 006D 0000 0022 0155 00AB 0015 0015 0015 0040 0015 0015 0015 0015 0015 0040 0015 0015 0015 0040 0015 0040 0015 0040 0015 0015 0015 0040 0015 0040 0015 0015 0015 0040 0015 0040 0015 0015 0015 0040 0015 0015 0015 0040 0015 0015 0015 0015 0015 0015 0015 0015 0015 0040 0015 0015 0015 0040 0015 0015 0015 0040 0015 0040 0015 0040 0015 0040 0015 0015 0015 05C2",,

"CURSOR UP","sendir,1:1,1,38000,1,1,341,171,21,21,21,64,21,21,21,21,21,64,21,21,21,64,21,64,21,64,21,21,21,64,21,64,21,21,21,64,21,64,21,21,21,21,21,64,21,21,21,21,21,21,21,21,21,21,21,64,21,64,21,21,21,64,21,64,21,64,21,64,21,64,21,21,21,1474","0000 006D 0000 0022 0155 00AB 0015 0015 0015 0040 0015 0015 0015 0015 0015 0040 0015 0015 0015 0040 0015 0040 0015 0040 0015 0015 0015 0040 0015 0040 0015 0015 0015 0040 0015 0040 0015 0015 0015 0015 0015 0040 0015 0015 0015 0015 0015 0015 0015 0015 0015 0015 0015 0040 0015 0040 0015 0015 0015 0040 0015 0040 0015 0040 0015 0040 0015 0040 0015 0015 0015 05C2",,

"DIGIT 0","sendir,1:1,1,38000,1,69,341,171,21,21,21,64,21,21,21,21,21,64,21,21,21,64,21,64,21,21,21,64,21,21,21,21,21,21,21,21,21,21,21,21,21,21,21,64,21,64,21,64,21,64,21,21,21,64,21,64,21,64,21,21,21,21,21,21,21,21,21,64,21,21,21,21,21,1645,341,87,21,3650","0000 006D 0022 0002 0155 00AB 0015 0015 0015 0040 0015 0015 0015 0015 0015 0040 0015 0015 0015 0040 0015 0040 0015 0015 0015 0040 0015 0015 0015 0015 0015 0015 0015 0015 0015 0015 0015 0015 0015 0015 0015 0040 0015 0040 0015 0040 0015 0040 0015 0015 0015 0040 0015 0040 0015 0040 0015 0015 0015 0015 0015 0015 0015 0015 0015 0040 0015 0015 0015 0015 0015 066D 0155 0057 0015 0E42",,

"DIGIT 1","sendir,1:1,1,38000,1,69,341,171,21,21,21,64,21,21,21,21,21,64,21,21,21,64,21,64,21,21,21,64,21,21,21,21,21,21,21,21,21,21,21,21,21,64,21,21,21,64,21,21,21,64,21,21,21,64,21,64,21,21,21,64,21,21,21,64,21,21,21,64,21,21,21,21,21,1646,341,87,21,3650","0000 006D 0022 0002 0155 00AB 0015 0015 0015 0040 0015 0015 0015 0015 0015 0040 0015 0015 0015 0040 0015 0040 0015 0015 0015 0040 0015 0015 0015 0015 0015 0015 0015 0015 0015 0015 0015 0015 0015 0040 0015 0015 0015 0040 0015 0015 0015 0040 0015 0015 0015 0040 0015 0040 0015 0015 0015 0040 0015 0015 0015 0040 0015 0015 0015 0040 0015 0015 0015 0015 0015 066E 0155 0057 0015 0E42",,

"DIGIT 10+","sendir,1:1,1,38000,1,69,341,171,21,21,21,64,21,21,21,21,21,64,21,21,21,64,21,64,21,21,21,64,21,21,21,21,21,21,21,21,21,21,21,21,21,64,21,64,21,64,21,64,21,64,21,21,21,64,21,64,21,21,21,21,21,21,21,21,21,21,21,64,21,21,21,21,21,1646,341,87,21,3650","0000 006D 0022 0002 0155 00AB 0015 0015 0015 0040 0015 0015 0015 0015 0015 0040 0015 0015 0015 0040 0015 0040 0015 0015 0015 0040 0015 0015 0015 0015 0015 0015 0015 0015 0015 0015 0015 0015 0015 0040 0015 0040 0015 0040 0015 0040 0015 0040 0015 0015 0015 0040 0015 0040 0015 0015 0015 0015 0015 0015 0015 0015 0015 0015 0015 0040 0015 0015 0015 0015 0015 066E 0155 0057 0015 0E42",,

"DIGIT 2","sendir,1:1,1,38000,1,69,341,171,21,21,21,64,21,21,21,21,21,64,21,21,21,64,21,64,21,21,21,64,21,21,21,21,21,21,21,21,21,21,21,21,21,21,21,64,21,64,21,21,21,64,21,21,21,64,21,64,21,64,21,21,21,21,21,64,21,21,21,64,21,21,21,21,21,1645,341,87,21,3650","0000 006D 0022 0002 0155 00AB 0015 0015 0015 0040 0015 0015 0015 0015 0015 0040 0015 0015 0015 0040 0015 0040 0015 0015 0015 0040 0015 0015 0015 0015 0015 0015 0015 0015 0015 0015 0015 0015 0015 0015 0015 0040 0015 0040 0015 0015 0015 0040 0015 0015 0015 0040 0015 0040 0015 0040 0015 0015 0015 0015 0015 0040 0015 0015 0015 0040 0015 0015 0015 0015 0015 066D 0155 0057 0015 0E42",,

"DIGIT 3","sendir,1:1,1,38000,1,69,341,171,21,21,21,64,21,21,21,21,21,64,21,21,21,64,21,64,21,21,21,64,21,21,21,21,21,21,21,21,21,21,21,21,21,64,21,64,21,64,21,21,21,64,21,21,21,64,21,64,21,21,21,21,21,21,21,64,21,21,21,64,21,21,21,21,21,1645,341,87,21,3650","0000 006D 0022 0002 0155 00AB 0015 0015 0015 0040 0015 0015 0015 0015 0015 0040 0015 0015 0015 0040 0015 0040 0015 0015 0015 0040 0015 0015 0015 0015 0015 0015 0015 0015 0015 0015 0015 0015 0015 0040 0015 0040 0015 0040 0015 0015 0015 0040 0015 0015 0015 0040 0015 0040 0015 0015 0015 0015 0015 0015 0015 0040 0015 0015 0015 0040 0015 0015 0015 0015 0015 066D 0155 0057 0015 0E42",,

"DIGIT 4","sendir,1:1,1,38000,1,69,341,171,21,21,21,64,21,21,21,21,21,64,21,21,21,64,21,64,21,21,21,64,21,21,21,21,21,21,21,21,21,21,21,21,21,21,21,21,21,21,21,64,21,64,21,21,21,64,21,64,21,64,21,64,21,64,21,21,21,21,21,64,21,21,21,21,21,1645,341,87,21,3650","0000 006D 0022 0002 0155 00AB 0015 0015 0015 0040 0015 0015 0015 0015 0015 0040 0015 0015 0015 0040 0015 0040 0015 0015 0015 0040 0015 0015 0015 0015 0015 0015 0015 0015 0015 0015 0015 0015 0015 0015 0015 0015 0015 0015 0015 0040 0015 0040 0015 0015 0015 0040 0015 0040 0015 0040 0015 0040 0015 0040 0015 0015 0015 0015 0015 0040 0015 0015 0015 0015 0015 066D 0155 0057 0015 0E42",,

"DIGIT 5","sendir,1:1,1,38000,1,69,341,171,21,21,21,64,21,21,21,21,21,64,21,21,21,64,21,64,21,21,21,64,21,21,21,21,21,21,21,21,21,21,21,21,21,64,21,21,21,21,21,64,21,64,21,21,21,64,21,64,21,21,21,64,21,64,21,21,21,21,21,64,21,21,21,21,21,1646,341,87,21,3650","0000 006D 0022 0002 0155 00AB 0015 0015 0015 0040 0015 0015 0015 0015 0015 0040 0015 0015 0015 0040 0015 0040 0015 0015 0015 0040 0015 0015 0015 0015 0015 0015 0015 0015 0015 0015 0015 0015 0015 0040 0015 0015 0015 0015 0015 0040 0015 0040 0015 0015 0015 0040 0015 0040 0015 0015 0015 0040 0015 0040 0015 0015 0015 0015 0015 0040 0015 0015 0015 0015 0015 066E 0155 0057 0015 0E42",,

"DIGIT 6","sendir,1:1,1,38000,1,69,341,171,21,21,21,64,21,21,21,21,21,64,21,21,21,64,21,64,21,21,21,64,21,21,21,21,21,21,21,21,21,21,21,21,21,21,21,64,21,21,21,64,21,64,21,21,21,64,21,64,21,64,21,21,21,64,21,21,21,21,21,64,21,21,21,21,21,1645,341,87,21,3650","0000 006D 0022 0002 0155 00AB 0015 0015 0015 0040 0015 0015 0015 0015 0015 0040 0015 0015 0015 0040 0015 0040 0015 0015 0015 0040 0015 0015 0015 0015 0015 0015 0015 0015 0015 0015 0015 0015 0015 0015 0015 0040 0015 0015 0015 0040 0015 0040 0015 0015 0015 0040 0015 0040 0015 0040 0015 0015 0015 0040 0015 0015 0015 0015 0015 0040 0015 0015 0015 0015 0015 066D 0155 0057 0015 0E42",,

"DIGIT 7","sendir,1:1,1,38000,1,69,341,171,21,21,21,64,21,21,21,21,21,64,21,21,21,64,21,64,21,21,21,64,21,21,21,21,21,21,21,21,21,21,21,21,21,64,21,64,21,21,21,64,21,64,21,21,21,64,21,64,21,21,21,21,21,64,21,21,21,21,21,64,21,21,21,21,21,1645,341,87,21,3650","0000 006D 0022 0002 0155 00AB 0015 0015 0015 0040 0015 0015 0015 0015 0015 0040 0015 0015 0015 0040 0015 0040 0015 0015 0015 0040 0015 0015 0015 0015 0015 0015 0015 0015 0015 0015 0015 0015 0015 0040 0015 0040 0015 0015 0015 0040 0015 0040 0015 0015 0015 0040 0015 0040 0015 0015 0015 0015 0015 0040 0015 0015 0015 0015 0015 0040 0015 0015 0015 0015 0015 066D 0155 0057 0015 0E42",,

"DIGIT 8","sendir,1:1,1,38000,1,69,341,171,21,21,21,64,21,21,21,21,21,64,21,21,21,64,21,64,21,21,21,64,21,21,21,21,21,21,21,21,21,21,21,21,21,21,21,21,21,64,21,64,21,64,21,21,21,64,21,64,21,64,21,64,21,21,21,21,21,21,21,64,21,21,21,21,21,1645,341,87,21,3650","0000 006D 0022 0002 0155 00AB 0015 0015 0015 0040 0015 0015 0015 0015 0015 0040 0015 0015 0015 0040 0015 0040 0015 0015 0015 0040 0015 0015 0015 0015 0015 0015 0015 0015 0015 0015 0015 0015 0015 0015 0015 0015 0015 0040 0015 0040 0015 0040 0015 0015 0015 0040 0015 0040 0015 0040 0015 0040 0015 0015 0015 0015 0015 0015 0015 0040 0015 0015 0015 0015 0015 066D 0155 0057 0015 0E42",,

"DIGIT 9","sendir,1:1,1,38000,1,69,341,171,21,21,21,64,21,21,21,21,21,64,21,21,21,64,21,64,21,21,21,64,21,21,21,21,21,21,21,21,21,21,21,21,21,64,21,21,21,64,21,64,21,64,21,21,21,64,21,64,21,21,21,64,21,21,21,21,21,21,21,64,21,21,21,21,21,1645,341,87,21,3650","0000 006D 0022 0002 0155 00AB 0015 0015 0015 0040 0015 0015 0015 0015 0015 0040 0015 0015 0015 0040 0015 0040 0015 0015 0015 0040 0015 0015 0015 0015 0015 0015 0015 0015 0015 0015 0015 0015 0015 0040 0015 0015 0015 0040 0015 0040 0015 0040 0015 0015 0015 0040 0015 0040 0015 0015 0015 0040 0015 0015 0015 0015 0015 0015 0015 0040 0015 0015 0015 0015 0015 066D 0155 0057 0015 0E42",,

"DIMMER","sendir,1:1,1,38000,1,69,339,170,21,21,21,63,21,21,21,21,21,63,21,21,21,63,21,63,21,63,21,21,21,63,21,63,21,21,21,63,21,63,21,21,21,63,21,21,21,63,21,21,21,63,21,21,21,21,21,63,21,21,21,63,21,21,21,63,21,21,21,63,21,63,21,21,21,1466,339,84,21,3633","0000 006E 0022 0002 0153 00AA 0015 0015 0015 003F 0015 0015 0015 0015 0015 003F 0015 0015 0015 003F 0015 003F 0015 003F 0015 0015 0015 003F 0015 003F 0015 0015 0015 003F 0015 003F 0015 0015 0015 003F 0015 0015 0015 003F 0015 0015 0015 003F 0015 0015 0015 0015 0015 003F 0015 0015 0015 003F 0015 0015 0015 003F 0015 0015 0015 003F 0015 003F 0015 0015 0015 05BA 0153 0054 0015 0E31",,

"DISPLAY","sendir,1:1,1,38000,1,69,341,171,21,21,21,64,21,21,21,21,21,64,21,21,21,64,21,64,21,21,21,21,21,64,21,64,21,21,21,64,21,64,21,21,21,64,21,21,21,64,21,21,21,64,21,21,21,64,21,21,21,21,21,64,21,21,21,64,21,21,21,64,21,21,21,64,21,1517,341,87,21,3650","0000 006D 0022 0002 0155 00AB 0015 0015 0015 0040 0015 0015 0015 0015 0015 0040 0015 0015 0015 0040 0015 0040 0015 0015 0015 0015 0015 0040 0015 0040 0015 0015 0015 0040 0015 0040 0015 0015 0015 0040 0015 0015 0015 0040 0015 0015 0015 0040 0015 0015 0015 0040 0015 0015 0015 0015 0015 0040 0015 0015 0015 0040 0015 0015 0015 0040 0015 0015 0015 0040 0015 05ED 0155 0057 0015 0E42",,

"FORWARD","sendir,1:1,1,38000,1,1,341,171,21,21,21,64,21,21,21,21,21,64,21,21,21,64,21,64,21,21,21,64,21,21,21,21,21,21,21,21,21,21,21,21,21,21,21,21,21,21,21,21,21,21,21,21,21,21,21,64,21,64,21,64,21,64,21,64,21,64,21,64,21,64,21,21,21,1646","0000 006D 0000 0022 0155 00AB 0015 0015 0015 0040 0015 0015 0015 0015 0015 0040 0015 0015 0015 0040 0015 0040 0015 0015 0015 0040 0015 0015 0015 0015 0015 0015 0015 0015 0015 0015 0015 0015 0015 0015 0015 0015 0015 0015 0015 0015 0015 0015 0015 0015 0015 0015 0015 0040 0015 0040 0015 0040 0015 0040 0015 0040 0015 0040 0015 0040 0015 0040 0015 0015 0015 066E",,

"INPUT AUX","sendir,1:1,1,38000,1,69,343,172,21,21,21,64,21,21,21,21,21,64,21,21,21,64,21,64,21,64,21,21,21,64,21,64,21,21,21,64,21,64,21,21,21,64,21,64,21,64,21,64,21,64,21,21,21,21,21,64,21,21,21,21,21,21,21,21,21,21,21,64,21,64,21,21,21,1483,343,87,21,3670","0000 006C 0022 0002 0157 00AC 0015 0015 0015 0040 0015 0015 0015 0015 0015 0040 0015 0015 0015 0040 0015 0040 0015 0040 0015 0015 0015 0040 0015 0040 0015 0015 0015 0040 0015 0040 0015 0015 0015 0040 0015 0040 0015 0040 0015 0040 0015 0040 0015 0015 0015 0015 0015 0040 0015 0015 0015 0015 0015 0015 0015 0015 0015 0015 0015 0040 0015 0040 0015 0015 0015 05CB 0157 0057 0015 0E56",,

"INPUT BD/DVD","sendir,1:1,1,38000,1,69,343,172,21,21,21,64,21,21,21,21,21,64,21,21,21,64,21,64,21,21,21,21,21,64,21,64,21,21,21,64,21,64,21,21,21,21,21,21,21,64,21,64,21,21,21,21,21,21,21,64,21,64,21,64,21,21,21,21,21,64,21,64,21,64,21,21,21,1526,343,87,21,3670","0000 006C 0022 0002 0157 00AC 0015 0015 0015 0040 0015 0015 0015 0015 0015 0040 0015 0015 0015 0040 0015 0040 0015 0015 0015 0015 0015 0040 0015 0040 0015 0015 0015 0040 0015 0040 0015 0015 0015 0015 0015 0015 0015 0040 0015 0040 0015 0015 0015 0015 0015 0015 0015 0040 0015 0040 0015 0040 0015 0015 0015 0015 0015 0040 0015 0040 0015 0040 0015 0015 0015 05F6 0157 0057 0015 0E56",,

"INPUT CD","sendir,1:1,1,38000,1,69,339,170,21,21,21,63,21,21,21,21,21,63,21,21,21,63,21,63,21,63,21,21,21,63,21,63,21,21,21,63,21,63,21,21,21,63,21,21,21,21,21,63,21,21,21,21,21,21,21,21,21,21,21,63,21,63,21,21,21,63,21,63,21,63,21,63,21,1467,339,84,21,3633","0000 006E 0022 0002 0153 00AA 0015 0015 0015 003F 0015 0015 0015 0015 0015 003F 0015 0015 0015 003F 0015 003F 0015 003F 0015 0015 0015 003F 0015 003F 0015 0015 0015 003F 0015 003F 0015 0015 0015 003F 0015 0015 0015 0015 0015 003F 0015 0015 0015 0015 0015 0015 0015 0015 0015 0015 0015 003F 0015 003F 0015 0015 0015 003F 0015 003F 0015 003F 0015 003F 0015 05BB 0153 0054 0015 0E31",,

"INPUT DVD","sendir,1:1,1,38000,1,69,339,170,21,21,21,63,21,21,21,21,21,63,21,21,21,63,21,63,21,21,21,21,21,63,21,63,21,21,21,63,21,63,21,21,21,21,21,21,21,63,21,63,21,21,21,21,21,21,21,63,21,63,21,63,21,21,21,21,21,63,21,63,21,63,21,21,21,1509,339,84,21,3633","0000 006E 0022 0002 0153 00AA 0015 0015 0015 003F 0015 0015 0015 0015 0015 003F 0015 0015 0015 003F 0015 003F 0015 0015 0015 0015 0015 003F 0015 003F 0015 0015 0015 003F 0015 003F 0015 0015 0015 0015 0015 0015 0015 003F 0015 003F 0015 0015 0015 0015 0015 0015 0015 003F 0015 003F 0015 003F 0015 0015 0015 0015 0015 003F 0015 003F 0015 003F 0015 0015 0015 05E5 0153 0054 0015 0E31",,

"INPUT GAME","sendir,1:1,1,38000,1,69,343,172,21,21,21,64,21,21,21,21,21,64,21,21,21,64,21,64,21,64,21,21,21,64,21,64,21,21,21,64,21,64,21,21,21,64,21,21,21,64,21,64,21,21,21,21,21,21,21,21,21,21,21,64,21,21,21,21,21,64,21,64,21,64,21,64,21,1483,343,87,21,3670","0000 006C 0022 0002 0157 00AC 0015 0015 0015 0040 0015 0015 0015 0015 0015 0040 0015 0015 0015 0040 0015 0040 0015 0040 0015 0015 0015 0040 0015 0040 0015 0015 0015 0040 0015 0040 0015 0015 0015 0040 0015 0015 0015 0040 0015 0040 0015 0015 0015 0015 0015 0015 0015 0015 0015 0015 0015 0040 0015 0015 0015 0015 0015 0040 0015 0040 0015 0040 0015 0040 0015 05CB 0157 0057 0015 0E56",,

"INPUT NET","sendir,1:1,1,38000,1,69,343,172,21,21,21,64,21,21,21,21,21,64,21,21,21,64,21,64,21,21,21,64,21,21,21,21,21,21,21,21,21,21,21,21,21,64,21,64,21,64,21,21,21,21,21,21,21,21,21,64,21,21,21,21,21,21,21,64,21,64,21,64,21,64,21,21,21,1655,343,87,21,3670","0000 006C 0022 0002 0157 00AC 0015 0015 0015 0040 0015 0015 0015 0015 0015 0040 0015 0015 0015 0040 0015 0040 0015 0015 0015 0040 0015 0015 0015 0015 0015 0015 0015 0015 0015 0015 0015 0015 0015 0040 0015 0040 0015 0040 0015 0015 0015 0015 0015 0015 0015 0015 0015 0040 0015 0015 0015 0015 0015 0015 0015 0040 0015 0040 0015 0040 0015 0040 0015 0015 0015 0677 0157 0057 0015 0E56",,

"INPUT PC","sendir,1:1,1,38000,1,69,343,172,21,21,21,64,21,21,21,21,21,64,21,21,21,64,21,64,21,64,21,21,21,64,21,64,21,21,21,64,21,64,21,21,21,21,21,21,21,64,21,64,21,64,21,21,21,21,21,64,21,64,21,64,21,21,21,21,21,21,21,64,21,64,21,21,21,1483,343,87,21,3670","0000 006C 0022 0002 0157 00AC 0015 0015 0015 0040 0015 0015 0015 0015 0015 0040 0015 0015 0015 0040 0015 0040 0015 0040 0015 0015 0015 0040 0015 0040 0015 0015 0015 0040 0015 0040 0015 0015 0015 0015 0015 0015 0015 0040 0015 0040 0015 0040 0015 0015 0015 0015 0015 0040 0015 0040 0015 0040 0015 0015 0015 0015 0015 0015 0015 0040 0015 0040 0015 0015 0015 05CB 0157 0057 0015 0E56",,

"INPUT PHONO","sendir,1:1,1,38000,1,69,343,172,21,21,21,64,21,21,21,21,21,64,21,21,21,64,21,64,21,64,21,21,21,64,21,64,21,21,21,64,21,64,21,21,21,21,21,64,21,21,21,64,21,21,21,21,21,21,21,21,21,64,21,21,21,64,21,21,21,64,21,64,21,64,21,64,21,1483,343,87,21,3670","0000 006C 0022 0002 0157 00AC 0015 0015 0015 0040 0015 0015 0015 0015 0015 0040 0015 0015 0015 0040 0015 0040 0015 0040 0015 0015 0015 0040 0015 0040 0015 0015 0015 0040 0015 0040 0015 0015 0015 0015 0015 0040 0015 0015 0015 0040 0015 0015 0015 0015 0015 0015 0015 0015 0015 0040 0015 0015 0015 0040 0015 0015 0015 0040 0015 0040 0015 0040 0015 0040 0015 05CB 0157 0057 0015 0E56",,

"INPUT TAPE","sendir,1:1,1,38000,1,69,339,170,21,21,21,63,21,21,21,21,21,63,21,21,21,63,21,63,21,63,21,21,21,63,21,63,21,21,21,63,21,63,21,21,21,21,21,21,21,21,21,63,21,21,21,21,21,21,21,21,21,63,21,63,21,63,21,21,21,63,21,63,21,63,21,63,21,1467,339,84,21,3633","0000 006E 0022 0002 0153 00AA 0015 0015 0015 003F 0015 0015 0015 0015 0015 003F 0015 0015 0015 003F 0015 003F 0015 003F 0015 0015 0015 003F 0015 003F 0015 0015 0015 003F 0015 003F 0015 0015 0015 0015 0015 0015 0015 0015 0015 003F 0015 0015 0015 0015 0015 0015 0015 0015 0015 003F 0015 003F 0015 003F 0015 0015 0015 003F 0015 003F 0015 003F 0015 003F 0015 05BB 0153 0054 0015 0E31",,

"INPUT TUNER","sendir,1:1,1,38000,1,69,339,170,21,21,21,63,21,21,21,21,21,63,21,21,21,63,21,63,21,63,21,21,21,63,21,63,21,21,21,63,21,63,21,21,21,63,21,63,21,21,21,63,21,21,21,21,21,21,21,21,21,21,21,21,21,63,21,21,21,63,21,63,21,63,21,63,21,1466,339,84,21,3633","0000 006E 0022 0002 0153 00AA 0015 0015 0015 003F 0015 0015 0015 0015 0015 003F 0015 0015 0015 003F 0015 003F 0015 003F 0015 0015 0015 003F 0015 003F 0015 0015 0015 003F 0015 003F 0015 0015 0015 003F 0015 003F 0015 0015 0015 003F 0015 0015 0015 0015 0015 0015 0015 0015 0015 0015 0015 0015 0015 003F 0015 0015 0015 003F 0015 003F 0015 003F 0015 003F 0015 05BA 0153 0054 0015 0E31",,

"INPUT TV/CD","sendir,1:1,1,38000,1,69,343,172,21,21,21,64,21,21,21,21,21,64,21,21,21,64,21,64,21,64,21,21,21,64,21,64,21,21,21,64,21,64,21,21,21,64,21,21,21,21,21,64,21,21,21,21,21,21,21,21,21,21,21,64,21,64,21,21,21,64,21,64,21,64,21,64,21,1483,343,87,21,3671","0000 006C 0022 0002 0157 00AC 0015 0015 0015 0040 0015 0015 0015 0015 0015 0040 0015 0015 0015 0040 0015 0040 0015 0040 0015 0015 0015 0040 0015 0040 0015 0015 0015 0040 0015 0040 0015 0015 0015 0040 0015 0015 0015 0015 0015 0040 0015 0015 0015 0015 0015 0015 0015 0015 0015 0015 0015 0040 0015 0040 0015 0015 0015 0040 0015 0040 0015 0040 0015 0040 0015 05CB 0157 0057 0015 0E57",,

"INPUT USB","sendir,1:1,1,38000,1,69,343,172,21,21,21,64,21,21,21,21,21,64,21,21,21,64,21,64,21,21,21,21,21,64,21,64,21,21,21,64,21,21,21,64,21,21,21,64,21,64,21,64,21,64,21,21,21,21,21,64,21,64,21,21,21,21,21,21,21,21,21,64,21,64,21,21,21,1526,343,87,21,3670","0000 006C 0022 0002 0157 00AC 0015 0015 0015 0040 0015 0015 0015 0015 0015 0040 0015 0015 0015 0040 0015 0040 0015 0015 0015 0015 0015 0040 0015 0040 0015 0015 0015 0040 0015 0015 0015 0040 0015 0015 0015 0040 0015 0040 0015 0040 0015 0040 0015 0015 0015 0015 0015 0040 0015 0040 0015 0015 0015 0015 0015 0015 0015 0015 0015 0040 0015 0040 0015 0015 0015 05F6 0157 0057 0015 0E56",,

"INPUT VIDEO 1","sendir,1:1,1,38000,1,69,339,170,21,21,21,63,21,21,21,21,21,63,21,21,21,63,21,63,21,63,21,21,21,63,21,63,21,21,21,63,21,63,21,21,21,63,21,63,21,63,21,63,21,21,21,21,21,21,21,21,21,21,21,21,21,21,21,21,21,63,21,63,21,63,21,63,21,1467,339,84,21,3633","0000 006E 0022 0002 0153 00AA 0015 0015 0015 003F 0015 0015 0015 0015 0015 003F 0015 0015 0015 003F 0015 003F 0015 003F 0015 0015 0015 003F 0015 003F 0015 0015 0015 003F 0015 003F 0015 0015 0015 003F 0015 003F 0015 003F 0015 003F 0015 0015 0015 0015 0015 0015 0015 0015 0015 0015 0015 0015 0015 0015 0015 0015 0015 003F 0015 003F 0015 003F 0015 003F 0015 05BB 0153 0054 0015 0E31",,

"INPUT VIDEO 2","sendir,1:1,1,38000,1,69,339,171,21,21,21,63,21,21,21,21,21,63,21,21,21,63,21,63,21,63,21,21,21,63,21,63,21,21,21,63,21,63,21,21,21,21,21,63,21,63,21,63,21,21,21,21,21,21,21,21,21,63,21,21,21,21,21,21,21,63,21,63,21,63,21,63,21,1467,339,84,21,3633","0000 006E 0022 0002 0153 00AB 0015 0015 0015 003F 0015 0015 0015 0015 0015 003F 0015 0015 0015 003F 0015 003F 0015 003F 0015 0015 0015 003F 0015 003F 0015 0015 0015 003F 0015 003F 0015 0015 0015 0015 0015 003F 0015 003F 0015 003F 0015 0015 0015 0015 0015 0015 0015 0015 0015 003F 0015 0015 0015 0015 0015 0015 0015 003F 0015 003F 0015 003F 0015 003F 0015 05BB 0153 0054 0015 0E31",,

"INPUT VIDEO 3","sendir,1:1,1,38000,1,69,339,170,21,21,21,63,21,21,21,21,21,63,21,21,21,63,21,63,21,63,21,21,21,63,21,63,21,21,21,63,21,63,21,21,21,63,21,21,21,63,21,63,21,21,21,21,21,21,21,21,21,21,21,63,21,21,21,21,21,63,21,63,21,63,21,63,21,1467,339,84,21,3633","0000 006E 0022 0002 0153 00AA 0015 0015 0015 003F 0015 0015 0015 0015 0015 003F 0015 0015 0015 003F 0015 003F 0015 003F 0015 0015 0015 003F 0015 003F 0015 0015 0015 003F 0015 003F 0015 0015 0015 003F 0015 0015 0015 003F 0015 003F 0015 0015 0015 0015 0015 0015 0015 0015 0015 0015 0015 003F 0015 0015 0015 0015 0015 003F 0015 003F 0015 003F 0015 003F 0015 05BB 0153 0054 0015 0E31",,

"LEVEL ADJUST DOWN","sendir,1:1,1,38000,1,1,339,170,21,21,21,63,21,21,21,21,21,63,21,21,21,63,21,63,21,21,21,21,21,63,21,63,21,21,21,63,21,63,21,21,21,63,21,63,21,21,21,21,21,21,21,21,21,63,21,21,21,21,21,21,21,63,21,63,21,63,21,63,21,21,21,63,21,1509","0000 006E 0000 0022 0153 00AA 0015 0015 0015 003F 0015 0015 0015 0015 0015 003F 0015 0015 0015 003F 0015 003F 0015 0015 0015 0015 0015 003F 0015 003F 0015 0015 0015 003F 0015 003F 0015 0015 0015 003F 0015 003F 0015 0015 0015 0015 0015 0015 0015 0015 0015 003F 0015 0015 0015 0015 0015 0015 0015 003F 0015 003F 0015 003F 0015 003F 0015 0015 0015 003F 0015 05E5",,

"LEVEL ADJUST UP","sendir,1:1,1,38000,1,1,339,170,21,21,21,63,21,21,21,21,21,63,21,21,21,63,21,63,21,21,21,21,21,63,21,63,21,21,21,63,21,63,21,21,21,21,21,63,21,21,21,21,21,21,21,21,21,63,21,21,21,63,21,21,21,63,21,63,21,63,21,63,21,21,21,63,21,1509","0000 006E 0000 0022 0153 00AA 0015 0015 0015 003F 0015 0015 0015 0015 0015 003F 0015 0015 0015 003F 0015 003F 0015 0015 0015 0015 0015 003F 0015 003F 0015 0015 0015 003F 0015 003F 0015 0015 0015 0015 0015 003F 0015 0015 0015 0015 0015 0015 0015 0015 0015 003F 0015 0015 0015 003F 0015 0015 0015 003F 0015 003F 0015 003F 0015 003F 0015 0015 0015 003F 0015 05E5",,

"MENU HOME","sendir,1:1,1,38000,1,69,341,171,21,21,21,64,21,21,21,21,21,64,21,21,21,64,21,64,21,64,21,21,21,21,21,64,21,64,21,21,21,21,21,21,21,21,21,21,21,21,21,21,21,21,21,21,21,64,21,64,21,64,21,64,21,64,21,64,21,64,21,64,21,21,21,21,21,1561,341,87,21,3652","0000 006D 0022 0002 0155 00AB 0015 0015 0015 0040 0015 0015 0015 0015 0015 0040 0015 0015 0015 0040 0015 0040 0015 0040 0015 0015 0015 0015 0015 0040 0015 0040 0015 0015 0015 0015 0015 0015 0015 0015 0015 0015 0015 0015 0015 0015 0015 0015 0015 0015 0015 0040 0015 0040 0015 0040 0015 0040 0015 0040 0015 0040 0015 0040 0015 0040 0015 0015 0015 0015 0015 0619 0155 0057 0015 0E44",,

"MENU MAIN","sendir,1:1,1,38000,1,69,341,171,21,21,21,64,21,21,21,21,21,64,21,21,21,64,21,64,21,21,21,64,21,21,21,21,21,21,21,21,21,21,21,21,21,64,21,21,21,64,21,21,21,64,21,21,21,21,21,64,21,21,21,64,21,21,21,64,21,21,21,64,21,64,21,21,21,1645,341,87,21,3650","0000 006D 0022 0002 0155 00AB 0015 0015 0015 0040 0015 0015 0015 0015 0015 0040 0015 0015 0015 0040 0015 0040 0015 0015 0015 0040 0015 0015 0015 0015 0015 0015 0015 0015 0015 0015 0015 0015 0015 0040 0015 0015 0015 0040 0015 0015 0015 0040 0015 0015 0015 0015 0015 0040 0015 0015 0015 0040 0015 0015 0015 0040 0015 0015 0015 0040 0015 0040 0015 0015 0015 066D 0155 0057 0015 0E42",,

"MENU QUICK SETUP","sendir,1:1,1,38000,1,69,341,171,21,21,21,64,21,21,21,21,21,64,21,21,21,64,21,64,21,21,21,21,21,64,21,64,21,21,21,64,21,64,21,21,21,64,21,64,21,21,21,21,21,64,21,21,21,64,21,21,21,21,21,21,21,64,21,64,21,21,21,64,21,21,21,64,21,1518,341,87,21,3652","0000 006D 0022 0002 0155 00AB 0015 0015 0015 0040 0015 0015 0015 0015 0015 0040 0015 0015 0015 0040 0015 0040 0015 0015 0015 0015 0015 0040 0015 0040 0015 0015 0015 0040 0015 0040 0015 0015 0015 0040 0015 0040 0015 0015 0015 0015 0015 0040 0015 0015 0015 0040 0015 0015 0015 0015 0015 0015 0015 0040 0015 0040 0015 0015 0015 0040 0015 0015 0015 0040 0015 05EE 0155 0057 0015 0E44",,

"MENU TOP","sendir,1:1,1,38000,1,69,341,171,21,21,21,64,21,21,21,21,21,64,21,21,21,64,21,64,21,21,21,64,21,21,21,21,21,21,21,21,21,21,21,21,21,21,21,21,21,64,21,21,21,64,21,21,21,21,21,64,21,64,21,64,21,21,21,64,21,21,21,64,21,64,21,21,21,1645,341,87,21,3650","0000 006D 0022 0002 0155 00AB 0015 0015 0015 0040 0015 0015 0015 0015 0015 0040 0015 0015 0015 0040 0015 0040 0015 0015 0015 0040 0015 0015 0015 0015 0015 0015 0015 0015 0015 0015 0015 0015 0015 0015 0015 0015 0015 0040 0015 0015 0015 0040 0015 0015 0015 0015 0015 0040 0015 0040 0015 0040 0015 0015 0015 0040 0015 0015 0015 0040 0015 0040 0015 0015 0015 066D 0155 0057 0015 0E42",,

"MODE ALL CHAN STEREO","sendir,1:1,1,38000,1,69,339,170,21,21,21,63,21,21,21,21,21,63,21,21,21,63,21,63,21,21,21,21,21,63,21,63,21,21,21,63,21,63,21,21,21,21,21,63,21,21,21,21,21,63,21,21,21,63,21,21,21,63,21,21,21,63,21,63,21,21,21,63,21,21,21,63,21,1509,339,84,21,3633","0000 006E 0022 0002 0153 00AA 0015 0015 0015 003F 0015 0015 0015 0015 0015 003F 0015 0015 0015 003F 0015 003F 0015 0015 0015 0015 0015 003F 0015 003F 0015 0015 0015 003F 0015 003F 0015 0015 0015 0015 0015 003F 0015 0015 0015 0015 0015 003F 0015 0015 0015 003F 0015 0015 0015 003F 0015 0015 0015 003F 0015 003F 0015 0015 0015 003F 0015 0015 0015 003F 0015 05E5 0153 0054 0015 0E31",,

"MODE DIRECT","sendir,1:1,1,38000,1,69,339,170,21,21,21,63,21,21,21,21,21,63,21,21,21,63,21,63,21,63,21,21,21,63,21,63,21,21,21,63,21,63,21,21,21,21,21,21,21,63,21,21,21,21,21,21,21,63,21,21,21,63,21,63,21,21,21,63,21,63,21,63,21,21,21,63,21,1466,339,84,21,3633","0000 006E 0022 0002 0153 00AA 0015 0015 0015 003F 0015 0015 0015 0015 0015 003F 0015 0015 0015 003F 0015 003F 0015 003F 0015 0015 0015 003F 0015 003F 0015 0015 0015 003F 0015 003F 0015 0015 0015 0015 0015 0015 0015 003F 0015 0015 0015 0015 0015 0015 0015 003F 0015 0015 0015 003F 0015 003F 0015 0015 0015 003F 0015 003F 0015 003F 0015 0015 0015 003F 0015 05BA 0153 0054 0015 0E31",,

"MODE DSP","sendir,1:1,1,38000,1,69,339,170,21,21,21,63,21,21,21,21,21,63,21,21,21,63,21,63,21,21,21,21,21,63,21,63,21,21,21,63,21,63,21,21,21,21,21,21,21,21,21,63,21,63,21,21,21,21,21,21,21,63,21,63,21,63,21,21,21,21,21,63,21,63,21,63,21,1509,339,84,21,3633","0000 006E 0022 0002 0153 00AA 0015 0015 0015 003F 0015 0015 0015 0015 0015 003F 0015 0015 0015 003F 0015 003F 0015 0015 0015 0015 0015 003F 0015 003F 0015 0015 0015 003F 0015 003F 0015 0015 0015 0015 0015 0015 0015 0015 0015 003F 0015 003F 0015 0015 0015 0015 0015 0015 0015 003F 0015 003F 0015 003F 0015 0015 0015 0015 0015 003F 0015 003F 0015 003F 0015 05E5 0153 0054 0015 0E31",,

"MODE GAME","sendir,1:1,1,38000,1,69,341,171,21,21,21,64,21,21,21,21,21,64,21,21,21,64,21,64,21,21,21,64,21,21,21,21,21,21,21,21,21,21,21,21,21,64,21,64,21,21,21,21,21,64,21,21,21,21,21,64,21,21,21,21,21,64,21,64,21,21,21,64,21,64,21,21,21,1645,341,87,21,3650","0000 006D 0022 0002 0155 00AB 0015 0015 0015 0040 0015 0015 0015 0015 0015 0040 0015 0015 0015 0040 0015 0040 0015 0015 0015 0040 0015 0015 0015 0015 0015 0015 0015 0015 0015 0015 0015 0015 0015 0040 0015 0040 0015 0015 0015 0015 0015 0040 0015 0015 0015 0015 0015 0040 0015 0015 0015 0015 0015 0040 0015 0040 0015 0015 0015 0040 0015 0040 0015 0015 0015 066D 0155 0057 0015 0E42",,

"MODE MOVIE","sendir,1:1,1,38000,1,69,341,171,21,21,21,64,21,21,21,21,21,64,21,21,21,64,21,64,21,21,21,64,21,21,21,21,21,21,21,21,21,21,21,21,21,64,21,64,21,64,21,21,21,64,21,21,21,21,21,64,21,21,21,21,21,21,21,64,21,21,21,64,21,64,21,21,21,1645,341,87,21,3650","0000 006D 0022 0002 0155 00AB 0015 0015 0015 0040 0015 0015 0015 0015 0015 0040 0015 0015 0015 0040 0015 0040 0015 0015 0015 0040 0015 0015 0015 0015 0015 0015 0015 0015 0015 0015 0015 0015 0015 0040 0015 0040 0015 0040 0015 0015 0015 0040 0015 0015 0015 0015 0015 0040 0015 0015 0015 0015 0015 0015 0015 0040 0015 0015 0015 0040 0015 0040 0015 0015 0015 066D 0155 0057 0015 0E42",,

"MODE MUSIC","sendir,1:1,1,38000,1,69,341,171,21,21,21,64,21,21,21,21,21,64,21,21,21,64,21,64,21,21,21,64,21,21,21,21,21,21,21,21,21,21,21,21,21,21,21,64,21,21,21,21,21,64,21,21,21,21,21,64,21,64,21,21,21,64,21,64,21,21,21,64,21,64,21,21,21,1645,341,87,21,3650","0000 006D 0022 0002 0155 00AB 0015 0015 0015 0040 0015 0015 0015 0015 0015 0040 0015 0015 0015 0040 0015 0040 0015 0015 0015 0040 0015 0015 0015 0015 0015 0015 0015 0015 0015 0015 0015 0015 0015 0015 0015 0040 0015 0015 0015 0015 0015 0040 0015 0015 0015 0015 0015 0040 0015 0040 0015 0015 0015 0040 0015 0040 0015 0015 0015 0040 0015 0040 0015 0015 0015 066D 0155 0057 0015 0E42",,

"MODE NIGHT","sendir,1:1,1,38000,1,69,339,170,21,21,21,63,21,21,21,21,21,63,21,21,21,63,21,63,21,21,21,21,21,63,21,63,21,21,21,63,21,63,21,21,21,63,21,63,21,63,21,21,21,63,21,21,21,63,21,63,21,21,21,21,21,21,21,63,21,21,21,63,21,21,21,21,21,1509,339,84,21,3633","0000 006E 0022 0002 0153 00AA 0015 0015 0015 003F 0015 0015 0015 0015 0015 003F 0015 0015 0015 003F 0015 003F 0015 0015 0015 0015 0015 003F 0015 003F 0015 0015 0015 003F 0015 003F 0015 0015 0015 003F 0015 003F 0015 003F 0015 0015 0015 003F 0015 0015 0015 003F 0015 003F 0015 0015 0015 0015 0015 0015 0015 003F 0015 0015 0015 003F 0015 0015 0015 0015 0015 05E5 0153 0054 0015 0E31",,

"MODE STEREO","sendir,1:1,1,38000,1,69,339,170,21,21,21,63,21,21,21,21,21,63,21,21,21,63,21,63,21,21,21,21,21,63,21,63,21,21,21,63,21,63,21,21,21,21,21,21,21,63,21,63,21,21,21,21,21,63,21,21,21,63,21,63,21,21,21,21,21,63,21,63,21,21,21,63,21,1509,339,84,21,3633","0000 006E 0022 0002 0153 00AA 0015 0015 0015 003F 0015 0015 0015 0015 0015 003F 0015 0015 0015 003F 0015 003F 0015 0015 0015 0015 0015 003F 0015 003F 0015 0015 0015 003F 0015 003F 0015 0015 0015 0015 0015 0015 0015 003F 0015 003F 0015 0015 0015 0015 0015 003F 0015 0015 0015 003F 0015 003F 0015 0015 0015 0015 0015 003F 0015 003F 0015 0015 0015 003F 0015 05E5 0153 0054 0015 0E31",,

"MODE SURROUND","sendir,1:1,1,38000,1,69,339,170,21,21,21,63,21,21,21,21,21,63,21,21,21,63,21,63,21,21,21,21,21,63,21,63,21,21,21,63,21,63,21,21,21,63,21,21,21,63,21,63,21,21,21,21,21,63,21,21,21,21,21,63,21,21,21,21,21,63,21,63,21,21,21,63,21,1509,339,84,21,3633","0000 006E 0022 0002 0153 00AA 0015 0015 0015 003F 0015 0015 0015 0015 0015 003F 0015 0015 0015 003F 0015 003F 0015 0015 0015 0015 0015 003F 0015 003F 0015 0015 0015 003F 0015 003F 0015 0015 0015 003F 0015 0015 0015 003F 0015 003F 0015 0015 0015 0015 0015 003F 0015 0015 0015 0015 0015 003F 0015 0015 0015 0015 0015 003F 0015 003F 0015 0015 0015 003F 0015 05E5 0153 0054 0015 0E31",,

"MUTE TOGGLE","sendir,1:1,1,38000,1,69,343,172,21,21,21,64,21,21,21,21,21,64,21,21,21,64,21,64,21,64,21,21,21,64,21,64,21,21,21,64,21,64,21,21,21,64,21,21,21,64,21,21,21,21,21,21,21,21,21,21,21,21,21,64,21,21,21,64,21,64,21,64,21,64,21,64,21,1483,343,87,21,3670","0000 006C 0022 0002 0157 00AC 0015 0015 0015 0040 0015 0015 0015 0015 0015 0040 0015 0015 0015 0040 0015 0040 0015 0040 0015 0015 0015 0040 0015 0040 0015 0015 0015 0040 0015 0040 0015 0015 0015 0040 0015 0015 0015 0040 0015 0015 0015 0015 0015 0015 0015 0015 0015 0015 0015 0015 0015 0040 0015 0015 0015 0040 0015 0040 0015 0040 0015 0040 0015 0040 0015 05CB 0157 0057 0015 0E56",,

"NEXT","sendir,1:1,1,38000,1,69,341,172,21,21,21,64,21,21,21,21,21,64,21,21,21,64,21,64,21,21,21,64,21,21,21,21,21,21,21,21,21,21,21,21,21,64,21,64,21,64,21,64,21,21,21,21,21,21,21,64,21,21,21,21,21,21,21,21,21,64,21,64,21,64,21,21,21,1646,341,87,21,3652","0000 006D 0022 0002 0155 00AC 0015 0015 0015 0040 0015 0015 0015 0015 0015 0040 0015 0015 0015 0040 0015 0040 0015 0015 0015 0040 0015 0015 0015 0015 0015 0015 0015 0015 0015 0015 0015 0015 0015 0040 0015 0040 0015 0040 0015 0040 0015 0015 0015 0015 0015 0015 0015 0040 0015 0015 0015 0015 0015 0015 0015 0015 0015 0040 0015 0040 0015 0040 0015 0015 0015 066E 0155 0057 0015 0E44",,

"PAUSE","sendir,1:1,1,38000,1,69,341,171,21,21,21,64,21,21,21,21,21,64,21,21,21,64,21,64,21,21,21,64,21,21,21,21,21,21,21,21,21,21,21,21,21,64,21,21,21,21,21,21,21,64,21,21,21,21,21,64,21,21,21,64,21,64,21,64,21,21,21,64,21,64,21,21,21,1646,341,87,21,3652","0000 006D 0022 0002 0155 00AB 0015 0015 0015 0040 0015 0015 0015 0015 0015 0040 0015 0015 0015 0040 0015 0040 0015 0015 0015 0040 0015 0015 0015 0015 0015 0015 0015 0015 0015 0015 0015 0015 0015 0040 0015 0015 0015 0015 0015 0015 0015 0040 0015 0015 0015 0015 0015 0040 0015 0015 0015 0040 0015 0040 0015 0040 0015 0015 0015 0040 0015 0040 0015 0015 0015 066E 0155 0057 0015 0E44",,

"PLAY","sendir,1:1,1,38000,1,69,341,172,21,21,21,64,21,21,21,21,21,64,21,21,21,64,21,64,21,21,21,64,21,21,21,21,21,21,21,21,21,21,21,21,21,64,21,21,21,64,21,64,21,21,21,21,21,21,21,64,21,21,21,64,21,21,21,21,21,64,21,64,21,64,21,21,21,1646,341,87,21,3652","0000 006D 0022 0002 0155 00AC 0015 0015 0015 0040 0015 0015 0015 0015 0015 0040 0015 0015 0015 0040 0015 0040 0015 0015 0015 0040 0015 0015 0015 0015 0015 0015 0015 0015 0015 0015 0015 0015 0015 0040 0015 0015 0015 0040 0015 0040 0015 0015 0015 0015 0015 0015 0015 0040 0015 0015 0015 0040 0015 0015 0015 0015 0015 0040 0015 0040 0015 0040 0015 0015 0015 066E 0155 0057 0015 0E44",,

"POWER TOGGLE","sendir,1:1,1,38000,1,69,339,170,21,21,21,63,21,21,21,21,21,63,21,21,21,63,21,63,21,63,21,21,21,63,21,63,21,21,21,63,21,63,21,21,21,21,21,21,21,63,21,21,21,21,21,21,21,21,21,21,21,63,21,63,21,21,21,63,21,63,21,63,21,63,21,63,21,1466,339,84,21,3633","0000 006E 0022 0002 0153 00AA 0015 0015 0015 003F 0015 0015 0015 0015 0015 003F 0015 0015 0015 003F 0015 003F 0015 003F 0015 0015 0015 003F 0015 003F 0015 0015 0015 003F 0015 003F 0015 0015 0015 0015 0015 0015 0015 003F 0015 0015 0015 0015 0015 0015 0015 0015 0015 0015 0015 003F 0015 003F 0015 0015 0015 003F 0015 003F 0015 003F 0015 003F 0015 003F 0015 05BA 0153 0054 0015 0E31",,

"PREVIOUS","sendir,1:1,1,38000,1,69,341,171,21,21,21,64,21,21,21,21,21,64,21,21,21,64,21,64,21,21,21,64,21,21,21,21,21,21,21,21,21,21,21,21,21,21,21,21,21,21,21,21,21,64,21,21,21,21,21,64,21,64,21,64,21,64,21,64,21,21,21,64,21,64,21,21,21,1646,341,87,21,3652","0000 006D 0022 0002 0155 00AB 0015 0015 0015 0040 0015 0015 0015 0015 0015 0040 0015 0015 0015 0040 0015 0040 0015 0015 0015 0040 0015 0015 0015 0015 0015 0015 0015 0015 0015 0015 0015 0015 0015 0015 0015 0015 0015 0015 0015 0015 0015 0040 0015 0015 0015 0015 0015 0040 0015 0040 0015 0040 0015 0040 0015 0040 0015 0015 0015 0040 0015 0040 0015 0015 0015 066E 0155 0057 0015 0E44",,

"RETURN","sendir,1:1,1,38000,1,69,341,171,21,21,21,64,21,21,21,21,21,64,21,21,21,64,21,64,21,21,21,64,21,21,21,21,21,21,21,21,21,21,21,21,21,21,21,64,21,64,21,21,21,21,21,21,21,21,21,64,21,64,21,21,21,21,21,64,21,64,21,64,21,64,21,21,21,1646,341,87,21,3650","0000 006D 0022 0002 0155 00AB 0015 0015 0015 0040 0015 0015 0015 0015 0015 0040 0015 0015 0015 0040 0015 0040 0015 0015 0015 0040 0015 0015 0015 0015 0015 0015 0015 0015 0015 0015 0015 0015 0015 0015 0015 0040 0015 0040 0015 0015 0015 0015 0015 0015 0015 0015 0015 0040 0015 0040 0015 0015 0015 0015 0015 0040 0015 0040 0015 0040 0015 0040 0015 0015 0015 066E 0155 0057 0015 0E42",,

"REVERSE","sendir,1:1,1,38000,1,1,341,171,21,21,21,64,21,21,21,21,21,64,21,21,21,64,21,64,21,21,21,64,21,21,21,21,21,21,21,21,21,21,21,21,21,64,21,21,21,21,21,21,21,21,21,21,21,21,21,64,21,21,21,64,21,64,21,64,21,64,21,64,21,64,21,21,21,1646","0000 006D 0000 0022 0155 00AB 0015 0015 0015 0040 0015 0015 0015 0015 0015 0040 0015 0015 0015 0040 0015 0040 0015 0015 0015 0040 0015 0015 0015 0015 0015 0015 0015 0015 0015 0015 0015 0015 0015 0040 0015 0015 0015 0015 0015 0015 0015 0015 0015 0015 0015 0015 0015 0040 0015 0015 0015 0040 0015 0040 0015 0040 0015 0040 0015 0040 0015 0040 0015 0015 0015 066E",,

"SLEEP","sendir,1:1,1,38000,1,69,339,170,21,21,21,63,21,21,21,21,21,63,21,21,21,63,21,63,21,63,21,21,21,63,21,63,21,21,21,63,21,63,21,21,21,63,21,21,21,63,21,63,21,63,21,21,21,63,21,21,21,21,21,63,21,21,21,21,21,21,21,63,21,21,21,63,21,1466,339,84,21,3633","0000 006E 0022 0002 0153 00AA 0015 0015 0015 003F 0015 0015 0015 0015 0015 003F 0015 0015 0015 003F 0015 003F 0015 003F 0015 0015 0015 003F 0015 003F 0015 0015 0015 003F 0015 003F 0015 0015 0015 003F 0015 0015 0015 003F 0015 003F 0015 003F 0015 0015 0015 003F 0015 0015 0015 0015 0015 003F 0015 0015 0015 0015 0015 0015 0015 003F 0015 0015 0015 003F 0015 05BA 0153 0054 0015 0E31",,

"SPEAKER A","sendir,1:1,1,38000,1,69,339,171,21,21,21,63,21,21,21,21,21,63,21,21,21,63,21,63,21,63,21,21,21,63,21,63,21,21,21,63,21,63,21,21,21,63,21,21,21,21,21,63,21,63,21,21,21,63,21,21,21,21,21,63,21,63,21,21,21,21,21,63,21,21,21,63,21,1466,339,84,21,3633","0000 006E 0022 0002 0153 00AB 0015 0015 0015 003F 0015 0015 0015 0015 0015 003F 0015 0015 0015 003F 0015 003F 0015 003F 0015 0015 0015 003F 0015 003F 0015 0015 0015 003F 0015 003F 0015 0015 0015 003F 0015 0015 0015 0015 0015 003F 0015 003F 0015 0015 0015 003F 0015 0015 0015 0015 0015 003F 0015 003F 0015 0015 0015 0015 0015 003F 0015 0015 0015 003F 0015 05BA 0153 0054 0015 0E31",,

"SPEAKER B","sendir,1:1,1,38000,1,69,339,170,21,21,21,63,21,21,21,21,21,63,21,21,21,63,21,63,21,63,21,21,21,63,21,63,21,21,21,63,21,63,21,21,21,21,21,63,21,21,21,63,21,63,21,21,21,63,21,21,21,63,21,21,21,63,21,21,21,21,21,63,21,21,21,63,21,1466,339,84,21,3633","0000 006E 0022 0002 0153 00AA 0015 0015 0015 003F 0015 0015 0015 0015 0015 003F 0015 0015 0015 003F 0015 003F 0015 003F 0015 0015 0015 003F 0015 003F 0015 0015 0015 003F 0015 003F 0015 0015 0015 0015 0015 003F 0015 0015 0015 003F 0015 003F 0015 0015 0015 003F 0015 0015 0015 003F 0015 0015 0015 003F 0015 0015 0015 0015 0015 003F 0015 0015 0015 003F 0015 05BA 0153 0054 0015 0E31",,

"STOP","sendir,1:1,1,38000,1,69,341,172,21,21,21,64,21,21,21,21,21,64,21,21,21,64,21,64,21,21,21,64,21,21,21,21,21,21,21,21,21,21,21,21,21,21,21,64,21,64,21,64,21,21,21,21,21,21,21,64,21,64,21,21,21,21,21,21,21,64,21,64,21,64,21,21,21,1646,341,87,21,3652","0000 006D 0022 0002 0155 00AC 0015 0015 0015 0040 0015 0015 0015 0015 0015 0040 0015 0015 0015 0040 0015 0040 0015 0015 0015 0040 0015 0015 0015 0015 0015 0015 0015 0015 0015 0015 0015 0015 0015 0015 0015 0040 0015 0040 0015 0040 0015 0015 0015 0015 0015 0015 0015 0040 0015 0040 0015 0015 0015 0015 0015 0015 0015 0040 0015 0040 0015 0040 0015 0015 0015 066E 0155 0057 0015 0E44",,

"TEST","sendir,1:1,1,38000,1,69,339,170,21,21,21,63,21,21,21,21,21,63,21,21,21,63,21,63,21,63,21,21,21,63,21,63,21,21,21,63,21,63,21,21,21,21,21,63,21,21,21,63,21,63,21,21,21,21,21,63,21,63,21,21,21,63,21,21,21,21,21,63,21,63,21,21,21,1466,339,84,21,3633","0000 006E 0022 0002 0153 00AA 0015 0015 0015 003F 0015 0015 0015 0015 0015 003F 0015 0015 0015 003F 0015 003F 0015 003F 0015 0015 0015 003F 0015 003F 0015 0015 0015 003F 0015 003F 0015 0015 0015 0015 0015 003F 0015 0015 0015 003F 0015 003F 0015 0015 0015 0015 0015 003F 0015 003F 0015 0015 0015 003F 0015 0015 0015 0015 0015 003F 0015 003F 0015 0015 0015 05BA 0153 0054 0015 0E31",,

"TUNER PRESET DOWN","sendir,1:1,1,38000,1,1,339,170,21,21,21,63,21,21,21,21,21,63,21,21,21,63,21,63,21,63,21,21,21,63,21,63,21,21,21,63,21,63,21,21,21,63,21,21,21,21,21,21,21,21,21,21,21,21,21,21,21,21,21,63,21,63,21,63,21,63,21,63,21,63,21,63,21,1466","0000 006E 0000 0022 0153 00AA 0015 0015 0015 003F 0015 0015 0015 0015 0015 003F 0015 0015 0015 003F 0015 003F 0015 003F 0015 0015 0015 003F 0015 003F 0015 0015 0015 003F 0015 003F 0015 0015 0015 003F 0015 0015 0015 0015 0015 0015 0015 0015 0015 0015 0015 0015 0015 0015 0015 0015 0015 003F 0015 003F 0015 003F 0015 003F 0015 003F 0015 003F 0015 003F 0015 05BA",,

"TUNER PRESET UP","sendir,1:1,1,38000,1,1,339,170,21,21,21,63,21,21,21,21,21,63,21,21,21,63,21,63,21,63,21,21,21,63,21,63,21,21,21,63,21,63,21,21,21,21,21,21,21,21,21,21,21,21,21,21,21,21,21,21,21,63,21,63,21,63,21,63,21,63,21,63,21,63,21,63,21,1466","0000 006E 0000 0022 0153 00AA 0015 0015 0015 003F 0015 0015 0015 0015 0015 003F 0015 0015 0015 003F 0015 003F 0015 003F 0015 0015 0015 003F 0015 003F 0015 0015 0015 003F 0015 003F 0015 0015 0015 0015 0015 0015 0015 0015 0015 0015 0015 0015 0015 0015 0015 0015 0015 0015 0015 003F 0015 003F 0015 003F 0015 003F 0015 003F 0015 003F 0015 003F 0015 003F 0015 05BA",,

"VOLUME DOWN","sendir,1:1,1,38000,1,1,339,170,21,21,21,63,21,21,21,21,21,63,21,21,21,63,21,63,21,63,21,21,21,63,21,63,21,21,21,63,21,63,21,21,21,63,21,63,21,21,21,21,21,21,21,21,21,21,21,21,21,21,21,21,21,63,21,63,21,63,21,63,21,63,21,63,21,1466","0000 006E 0000 0022 0153 00AA 0015 0015 0015 003F 0015 0015 0015 0015 0015 003F 0015 0015 0015 003F 0015 003F 0015 003F 0015 0015 0015 003F 0015 003F 0015 0015 0015 003F 0015 003F 0015 0015 0015 003F 0015 003F 0015 0015 0015 0015 0015 0015 0015 0015 0015 0015 0015 0015 0015 0015 0015 0015 0015 003F 0015 003F 0015 003F 0015 003F 0015 003F 0015 003F 0015 05BA",,

"VOLUME UP","sendir,1:1,1,38000,1,1,339,170,21,21,21,63,21,21,21,21,21,63,21,21,21,63,21,63,21,63,21,21,21,63,21,63,21,21,21,63,21,63,21,21,21,21,21,63,21,21,21,21,21,21,21,21,21,21,21,21,21,63,21,21,21,63,21,63,21,63,21,63,21,63,21,63,21,1466","0000 006E 0000 0022 0153 00AA 0015 0015 0015 003F 0015 0015 0015 0015 0015 003F 0015 0015 0015 003F 0015 003F 0015 003F 0015 0015 0015 003F 0015 003F 0015 0015 0015 003F 0015 003F 0015 0015 0015 0015 0015 003F 0015 0015 0015 0015 0015 0015 0015 0015 0015 0015 0015 0015 0015 003F 0015 0015 0015 003F 0015 003F 0015 003F 0015 003F 0015 003F 0015 003F 0015 05BA",,

