"BACK","sendir,1:1,1,38000,1,69,347,173,22,65,22,22,22,65,22,22,22,22,22,22,22,22,22,65,22,22,22,22,22,22,22,22,22,65,22,65,22,22,22,22,22,65,22,22,22,65,22,65,22,22,22,22,22,22,22,65,22,22,22,22,22,22,22,22,22,65,22,65,22,65,22,22,22,1689,347,87,22,3747","0000 006C 0022 0002 015B 00AD 0016 0041 0016 0016 0016 0041 0016 0016 0016 0016 0016 0016 0016 0016 0016 0041 0016 0016 0016 0016 0016 0016 0016 0016 0016 0041 0016 0041 0016 0016 0016 0016 0016 0041 0016 0016 0016 0041 0016 0041 0016 0016 0016 0016 0016 0016 0016 0041 0016 0016 0016 0016 0016 0016 0016 0016 0016 0041 0016 0041 0016 0041 0016 0016 0016 0699 015B 0057 0016 0EA3",,

"CC OFF","sendir,1:1,1,38000,1,69,343,172,21,65,21,22,21,65,21,22,21,22,21,22,21,22,21,65,21,22,21,22,21,22,21,22,21,65,21,65,21,22,21,22,21,65,21,22,21,22,21,65,21,65,21,22,21,65,21,22,21,22,21,22,21,22,21,22,21,22,21,65,21,22,21,65,21,1673,343,86,21,3732","0000 006D 0022 0002 0157 00AC 0015 0041 0015 0016 0015 0041 0015 0016 0015 0016 0015 0016 0015 0016 0015 0041 0015 0016 0015 0016 0015 0016 0015 0016 0015 0041 0015 0041 0015 0016 0015 0016 0015 0041 0015 0016 0015 0016 0015 0041 0015 0041 0015 0016 0015 0041 0015 0016 0015 0016 0015 0016 0015 0016 0015 0016 0015 0016 0015 0041 0015 0016 0015 0041 0015 0689 0157 0056 0015 0E94",,

"CC ON","sendir,1:1,1,38000,1,69,343,172,21,65,21,22,21,65,21,22,21,22,21,22,21,22,21,65,21,22,21,22,21,22,21,22,21,65,21,65,21,22,21,22,21,22,21,22,21,22,21,65,21,65,21,22,21,65,21,22,21,22,21,22,21,22,21,22,21,22,21,65,21,22,21,65,21,1673,343,86,21,3732","0000 006D 0022 0002 0157 00AC 0015 0041 0015 0016 0015 0041 0015 0016 0015 0016 0015 0016 0015 0016 0015 0041 0015 0016 0015 0016 0015 0016 0015 0016 0015 0041 0015 0041 0015 0016 0015 0016 0015 0016 0015 0016 0015 0016 0015 0041 0015 0041 0015 0016 0015 0041 0015 0016 0015 0016 0015 0016 0015 0016 0015 0016 0015 0016 0015 0041 0015 0016 0015 0041 0015 0689 0157 0056 0015 0E94",,

"CHANNEL DOWN","sendir,1:1,1,38000,1,69,342,171,21,63,21,21,21,63,21,21,21,21,21,21,21,21,21,63,21,21,21,21,21,21,21,21,21,63,21,63,21,21,21,21,21,63,21,63,21,63,21,63,21,63,21,21,21,21,21,21,21,21,21,21,21,21,21,21,21,21,21,63,21,63,21,63,21,1666,342,85,21,3644","0000 006D 0022 0002 0156 00AB 0015 003F 0015 0015 0015 003F 0015 0015 0015 0015 0015 0015 0015 0015 0015 003F 0015 0015 0015 0015 0015 0015 0015 0015 0015 003F 0015 003F 0015 0015 0015 0015 0015 003F 0015 003F 0015 003F 0015 003F 0015 003F 0015 0015 0015 0015 0015 0015 0015 0015 0015 0015 0015 0015 0015 0015 0015 0015 0015 003F 0015 003F 0015 003F 0015 0682 0156 0055 0015 0E3C",,

"CHANNEL UP","sendir,1:1,1,38000,1,69,342,171,21,63,21,21,21,63,21,21,21,21,21,21,21,21,21,63,21,21,21,21,21,21,21,21,21,63,21,63,21,21,21,21,21,21,21,63,21,63,21,63,21,63,21,21,21,21,21,21,21,21,21,21,21,21,21,21,21,21,21,63,21,63,21,63,21,1708,342,85,21,3644","0000 006D 0022 0002 0156 00AB 0015 003F 0015 0015 0015 003F 0015 0015 0015 0015 0015 0015 0015 0015 0015 003F 0015 0015 0015 0015 0015 0015 0015 0015 0015 003F 0015 003F 0015 0015 0015 0015 0015 0015 0015 003F 0015 003F 0015 003F 0015 003F 0015 0015 0015 0015 0015 0015 0015 0015 0015 0015 0015 0015 0015 0015 0015 0015 0015 003F 0015 003F 0015 003F 0015 06AC 0156 0055 0015 0E3C",,

"CLEAR","sendir,1:1,1,38000,1,69,342,171,21,63,21,21,21,63,21,21,21,21,21,21,21,21,21,63,21,21,21,21,21,21,21,21,21,63,21,63,21,21,21,21,21,21,21,63,21,21,21,21,21,63,21,63,21,21,21,21,21,21,21,21,21,21,21,21,21,21,21,21,21,63,21,63,21,1795,342,85,21,3645","0000 006D 0022 0002 0156 00AB 0015 003F 0015 0015 0015 003F 0015 0015 0015 0015 0015 0015 0015 0015 0015 003F 0015 0015 0015 0015 0015 0015 0015 0015 0015 003F 0015 003F 0015 0015 0015 0015 0015 0015 0015 003F 0015 0015 0015 0015 0015 003F 0015 003F 0015 0015 0015 0015 0015 0015 0015 0015 0015 0015 0015 0015 0015 0015 0015 0015 0015 003F 0015 003F 0015 0703 0156 0055 0015 0E3D",,

"CURSOR DOWN","sendir,1:1,1,38000,1,69,342,171,21,63,21,21,21,63,21,21,21,21,21,21,21,21,21,63,21,21,21,21,21,21,21,21,21,63,21,63,21,21,21,21,21,21,21,63,21,63,21,21,21,63,21,21,21,21,21,21,21,21,21,21,21,21,21,21,21,21,21,63,21,63,21,63,21,1750,342,85,21,3644","0000 006D 0022 0002 0156 00AB 0015 003F 0015 0015 0015 003F 0015 0015 0015 0015 0015 0015 0015 0015 0015 003F 0015 0015 0015 0015 0015 0015 0015 0015 0015 003F 0015 003F 0015 0015 0015 0015 0015 0015 0015 003F 0015 003F 0015 0015 0015 003F 0015 0015 0015 0015 0015 0015 0015 0015 0015 0015 0015 0015 0015 0015 0015 0015 0015 003F 0015 003F 0015 003F 0015 06D6 0156 0055 0015 0E3C",,

"CURSOR ENTER","sendir,1:1,1,38000,1,69,342,171,21,63,21,21,21,63,21,21,21,21,21,21,21,21,21,63,21,21,21,21,21,21,21,21,21,63,21,63,21,21,21,21,21,63,21,21,21,21,21,63,21,63,21,21,21,21,21,21,21,21,21,21,21,21,21,21,21,21,21,63,21,63,21,63,21,1750,342,85,21,3644","0000 006D 0022 0002 0156 00AB 0015 003F 0015 0015 0015 003F 0015 0015 0015 0015 0015 0015 0015 0015 0015 003F 0015 0015 0015 0015 0015 0015 0015 0015 0015 003F 0015 003F 0015 0015 0015 0015 0015 003F 0015 0015 0015 0015 0015 003F 0015 003F 0015 0015 0015 0015 0015 0015 0015 0015 0015 0015 0015 0015 0015 0015 0015 0015 0015 003F 0015 003F 0015 003F 0015 06D6 0156 0055 0015 0E3C",,

"CURSOR LEFT","sendir,1:1,1,38000,1,69,342,171,21,63,21,21,21,63,21,21,21,21,21,21,21,21,21,63,21,21,21,21,21,21,21,21,21,63,21,63,21,21,21,21,21,63,21,63,21,63,21,21,21,63,21,21,21,21,21,21,21,21,21,21,21,21,21,21,21,21,21,63,21,63,21,63,21,1710,342,85,21,3644","0000 006D 0022 0002 0156 00AB 0015 003F 0015 0015 0015 003F 0015 0015 0015 0015 0015 0015 0015 0015 0015 003F 0015 0015 0015 0015 0015 0015 0015 0015 0015 003F 0015 003F 0015 0015 0015 0015 0015 003F 0015 003F 0015 003F 0015 0015 0015 003F 0015 0015 0015 0015 0015 0015 0015 0015 0015 0015 0015 0015 0015 0015 0015 0015 0015 003F 0015 003F 0015 003F 0015 06AE 0156 0055 0015 0E3C",,

"CURSOR RIGHT","sendir,1:1,1,38000,1,69,342,171,21,63,21,21,21,63,21,21,21,21,21,21,21,21,21,63,21,21,21,21,21,21,21,21,21,63,21,63,21,21,21,21,21,63,21,21,21,63,21,21,21,63,21,21,21,21,21,21,21,21,21,21,21,21,21,21,21,21,21,63,21,63,21,63,21,1750,342,85,21,3644","0000 006D 0022 0002 0156 00AB 0015 003F 0015 0015 0015 003F 0015 0015 0015 0015 0015 0015 0015 0015 0015 003F 0015 0015 0015 0015 0015 0015 0015 0015 0015 003F 0015 003F 0015 0015 0015 0015 0015 003F 0015 0015 0015 003F 0015 0015 0015 003F 0015 0015 0015 0015 0015 0015 0015 0015 0015 0015 0015 0015 0015 0015 0015 0015 0015 003F 0015 003F 0015 003F 0015 06D6 0156 0055 0015 0E3C",,

"CURSOR UP","sendir,1:1,1,38000,1,69,342,171,21,63,21,21,21,63,21,21,21,21,21,21,21,21,21,63,21,21,21,21,21,21,21,21,21,63,21,63,21,21,21,21,21,21,21,21,21,63,21,21,21,63,21,21,21,21,21,21,21,21,21,21,21,21,21,21,21,21,21,63,21,63,21,63,21,1790,342,85,21,3641","0000 006D 0022 0002 0156 00AB 0015 003F 0015 0015 0015 003F 0015 0015 0015 0015 0015 0015 0015 0015 0015 003F 0015 0015 0015 0015 0015 0015 0015 0015 0015 003F 0015 003F 0015 0015 0015 0015 0015 0015 0015 0015 0015 003F 0015 0015 0015 003F 0015 0015 0015 0015 0015 0015 0015 0015 0015 0015 0015 0015 0015 0015 0015 0015 0015 003F 0015 003F 0015 003F 0015 06FE 0156 0055 0015 0E39",,

"DIGIT 0","sendir,1:1,1,38000,1,69,342,171,21,63,21,21,21,63,21,21,21,21,21,21,21,21,21,63,21,21,21,21,21,21,21,21,21,63,21,63,21,21,21,21,21,63,21,21,21,21,21,21,21,63,21,63,21,21,21,21,21,21,21,21,21,21,21,21,21,21,21,21,21,63,21,63,21,1793,342,85,21,3644","0000 006D 0022 0002 0156 00AB 0015 003F 0015 0015 0015 003F 0015 0015 0015 0015 0015 0015 0015 0015 0015 003F 0015 0015 0015 0015 0015 0015 0015 0015 0015 003F 0015 003F 0015 0015 0015 0015 0015 003F 0015 0015 0015 0015 0015 0015 0015 003F 0015 003F 0015 0015 0015 0015 0015 0015 0015 0015 0015 0015 0015 0015 0015 0015 0015 0015 0015 003F 0015 003F 0015 0701 0156 0055 0015 0E3C",,

"DIGIT 1","sendir,1:1,1,38000,1,69,342,171,21,63,21,21,21,63,21,21,21,21,21,21,21,21,21,63,21,21,21,21,21,21,21,21,21,63,21,63,21,21,21,21,21,21,21,21,21,21,21,63,21,21,21,63,21,21,21,21,21,21,21,21,21,21,21,21,21,63,21,21,21,63,21,63,21,1795,342,85,21,3645","0000 006D 0022 0002 0156 00AB 0015 003F 0015 0015 0015 003F 0015 0015 0015 0015 0015 0015 0015 0015 0015 003F 0015 0015 0015 0015 0015 0015 0015 0015 0015 003F 0015 003F 0015 0015 0015 0015 0015 0015 0015 0015 0015 0015 0015 003F 0015 0015 0015 003F 0015 0015 0015 0015 0015 0015 0015 0015 0015 0015 0015 0015 0015 003F 0015 0015 0015 003F 0015 003F 0015 0703 0156 0055 0015 0E3D",,

"DIGIT 2","sendir,1:1,1,38000,1,69,342,171,21,63,21,21,21,63,21,21,21,21,21,21,21,21,21,63,21,21,21,21,21,21,21,21,21,63,21,63,21,21,21,21,21,63,21,21,21,21,21,63,21,21,21,63,21,21,21,21,21,21,21,21,21,21,21,21,21,63,21,21,21,63,21,63,21,1750,342,85,21,3645","0000 006D 0022 0002 0156 00AB 0015 003F 0015 0015 0015 003F 0015 0015 0015 0015 0015 0015 0015 0015 0015 003F 0015 0015 0015 0015 0015 0015 0015 0015 0015 003F 0015 003F 0015 0015 0015 0015 0015 003F 0015 0015 0015 0015 0015 003F 0015 0015 0015 003F 0015 0015 0015 0015 0015 0015 0015 0015 0015 0015 0015 0015 0015 003F 0015 0015 0015 003F 0015 003F 0015 06D6 0156 0055 0015 0E3D",,

"DIGIT 3","sendir,1:1,1,38000,1,69,342,171,21,63,21,21,21,63,21,21,21,21,21,21,21,21,21,63,21,21,21,21,21,21,21,21,21,63,21,63,21,21,21,21,21,21,21,63,21,21,21,63,21,21,21,63,21,21,21,21,21,21,21,21,21,21,21,21,21,63,21,21,21,63,21,63,21,1750,342,85,21,3645","0000 006D 0022 0002 0156 00AB 0015 003F 0015 0015 0015 003F 0015 0015 0015 0015 0015 0015 0015 0015 0015 003F 0015 0015 0015 0015 0015 0015 0015 0015 0015 003F 0015 003F 0015 0015 0015 0015 0015 0015 0015 003F 0015 0015 0015 003F 0015 0015 0015 003F 0015 0015 0015 0015 0015 0015 0015 0015 0015 0015 0015 0015 0015 003F 0015 0015 0015 003F 0015 003F 0015 06D6 0156 0055 0015 0E3D",,

"DIGIT 4","sendir,1:1,1,38000,1,69,342,171,21,63,21,21,21,63,21,21,21,21,21,21,21,21,21,63,21,21,21,21,21,21,21,21,21,63,21,63,21,21,21,21,21,63,21,63,21,21,21,63,21,21,21,63,21,21,21,21,21,21,21,21,21,21,21,21,21,63,21,21,21,63,21,63,21,1710,342,85,21,3645","0000 006D 0022 0002 0156 00AB 0015 003F 0015 0015 0015 003F 0015 0015 0015 0015 0015 0015 0015 0015 0015 003F 0015 0015 0015 0015 0015 0015 0015 0015 0015 003F 0015 003F 0015 0015 0015 0015 0015 003F 0015 003F 0015 0015 0015 003F 0015 0015 0015 003F 0015 0015 0015 0015 0015 0015 0015 0015 0015 0015 0015 0015 0015 003F 0015 0015 0015 003F 0015 003F 0015 06AE 0156 0055 0015 0E3D",,

"DIGIT 5","sendir,1:1,1,38000,1,69,342,171,21,63,21,21,21,63,21,21,21,21,21,21,21,21,21,63,21,21,21,21,21,21,21,21,21,63,21,63,21,21,21,21,21,21,21,21,21,63,21,63,21,21,21,63,21,21,21,21,21,21,21,21,21,21,21,21,21,63,21,21,21,63,21,63,21,1750,342,85,21,3645","0000 006D 0022 0002 0156 00AB 0015 003F 0015 0015 0015 003F 0015 0015 0015 0015 0015 0015 0015 0015 0015 003F 0015 0015 0015 0015 0015 0015 0015 0015 0015 003F 0015 003F 0015 0015 0015 0015 0015 0015 0015 0015 0015 003F 0015 003F 0015 0015 0015 003F 0015 0015 0015 0015 0015 0015 0015 0015 0015 0015 0015 0015 0015 003F 0015 0015 0015 003F 0015 003F 0015 06D6 0156 0055 0015 0E3D",,

"DIGIT 6","sendir,1:1,1,38000,1,69,342,171,21,63,21,21,21,63,21,21,21,21,21,21,21,21,21,63,21,21,21,21,21,21,21,21,21,63,21,63,21,21,21,21,21,63,21,21,21,63,21,63,21,21,21,63,21,21,21,21,21,21,21,21,21,21,21,21,21,63,21,21,21,63,21,63,21,1708,342,85,21,3645","0000 006D 0022 0002 0156 00AB 0015 003F 0015 0015 0015 003F 0015 0015 0015 0015 0015 0015 0015 0015 0015 003F 0015 0015 0015 0015 0015 0015 0015 0015 0015 003F 0015 003F 0015 0015 0015 0015 0015 003F 0015 0015 0015 003F 0015 003F 0015 0015 0015 003F 0015 0015 0015 0015 0015 0015 0015 0015 0015 0015 0015 0015 0015 003F 0015 0015 0015 003F 0015 003F 0015 06AC 0156 0055 0015 0E3D",,

"DIGIT 7","sendir,1:1,1,38000,1,69,342,171,21,63,21,21,21,63,21,21,21,21,21,21,21,21,21,63,21,21,21,21,21,21,21,21,21,63,21,63,21,21,21,21,21,21,21,63,21,63,21,63,21,21,21,63,21,21,21,21,21,21,21,21,21,21,21,21,21,63,21,21,21,63,21,63,21,1710,342,85,21,3645","0000 006D 0022 0002 0156 00AB 0015 003F 0015 0015 0015 003F 0015 0015 0015 0015 0015 0015 0015 0015 0015 003F 0015 0015 0015 0015 0015 0015 0015 0015 0015 003F 0015 003F 0015 0015 0015 0015 0015 0015 0015 003F 0015 003F 0015 003F 0015 0015 0015 003F 0015 0015 0015 0015 0015 0015 0015 0015 0015 0015 0015 0015 0015 003F 0015 0015 0015 003F 0015 003F 0015 06AE 0156 0055 0015 0E3D",,

"DIGIT 8","sendir,1:1,1,38000,1,69,342,171,21,63,21,21,21,63,21,21,21,21,21,21,21,21,21,63,21,21,21,21,21,21,21,21,21,63,21,63,21,21,21,21,21,63,21,63,21,63,21,63,21,21,21,63,21,21,21,21,21,21,21,21,21,21,21,21,21,63,21,21,21,63,21,63,21,1666,342,85,21,3645","0000 006D 0022 0002 0156 00AB 0015 003F 0015 0015 0015 003F 0015 0015 0015 0015 0015 0015 0015 0015 0015 003F 0015 0015 0015 0015 0015 0015 0015 0015 0015 003F 0015 003F 0015 0015 0015 0015 0015 003F 0015 003F 0015 003F 0015 003F 0015 0015 0015 003F 0015 0015 0015 0015 0015 0015 0015 0015 0015 0015 0015 0015 0015 003F 0015 0015 0015 003F 0015 003F 0015 0682 0156 0055 0015 0E3D",,

"DIGIT 9","sendir,1:1,1,38000,1,69,342,171,21,63,21,21,21,63,21,21,21,21,21,21,21,21,21,63,21,21,21,21,21,21,21,21,21,63,21,63,21,21,21,21,21,21,21,21,21,21,21,21,21,63,21,63,21,21,21,21,21,21,21,21,21,21,21,21,21,21,21,21,21,63,21,63,21,1833,342,85,21,3645","0000 006D 0022 0002 0156 00AB 0015 003F 0015 0015 0015 003F 0015 0015 0015 0015 0015 0015 0015 0015 0015 003F 0015 0015 0015 0015 0015 0015 0015 0015 0015 003F 0015 003F 0015 0015 0015 0015 0015 0015 0015 0015 0015 0015 0015 0015 0015 003F 0015 003F 0015 0015 0015 0015 0015 0015 0015 0015 0015 0015 0015 0015 0015 0015 0015 0015 0015 003F 0015 003F 0015 0729 0156 0055 0015 0E3D",,

"ENTER","sendir,1:1,1,38000,1,1,342,172,21,63,21,21,21,63,21,21,21,21,21,21,21,21,21,63,21,21,21,21,21,21,21,21,21,63,21,63,21,21,21,21,21,63,21,63,21,21,21,21,21,63,21,63,21,21,21,21,21,21,21,21,21,21,21,21,21,21,21,21,21,63,21,63,21,1754,342,85,21,1238","0000 006D 0000 0024 0156 00AC 0015 003F 0015 0015 0015 003F 0015 0015 0015 0015 0015 0015 0015 0015 0015 003F 0015 0015 0015 0015 0015 0015 0015 0015 0015 003F 0015 003F 0015 0015 0015 0015 0015 003F 0015 003F 0015 0015 0015 0015 0015 003F 0015 003F 0015 0015 0015 0015 0015 0015 0015 0015 0015 0015 0015 0015 0015 0015 0015 0015 0015 003F 0015 003F 0015 06DA 0156 0055 0015 04D6",,

"FORMAT HORIZON","sendir,1:1,1,38000,1,69,343,172,21,65,21,22,21,65,21,22,21,22,21,22,21,22,21,65,21,22,21,22,21,22,21,22,21,65,21,65,21,22,21,22,21,65,21,65,21,65,21,22,21,65,21,22,21,65,21,22,21,22,21,22,21,22,21,22,21,22,21,65,21,22,21,65,21,1673,343,86,21,3732","0000 006D 0022 0002 0157 00AC 0015 0041 0015 0016 0015 0041 0015 0016 0015 0016 0015 0016 0015 0016 0015 0041 0015 0016 0015 0016 0015 0016 0015 0016 0015 0041 0015 0041 0015 0016 0015 0016 0015 0041 0015 0041 0015 0041 0015 0016 0015 0041 0015 0016 0015 0041 0015 0016 0015 0016 0015 0016 0015 0016 0015 0016 0015 0016 0015 0041 0015 0016 0015 0041 0015 0689 0157 0056 0015 0E94",,

"FORMAT SCROLL","sendir,1:1,1,38000,1,69,342,171,21,63,21,21,21,63,21,21,21,21,21,21,21,21,21,63,21,21,21,21,21,21,21,21,21,63,21,63,21,21,21,21,21,21,21,21,21,63,21,21,21,21,21,21,21,63,21,21,21,21,21,21,21,21,21,21,21,63,21,63,21,21,21,63,21,1792,342,85,21,3645","0000 006D 0022 0002 0156 00AB 0015 003F 0015 0015 0015 003F 0015 0015 0015 0015 0015 0015 0015 0015 0015 003F 0015 0015 0015 0015 0015 0015 0015 0015 0015 003F 0015 003F 0015 0015 0015 0015 0015 0015 0015 0015 0015 003F 0015 0015 0015 0015 0015 0015 0015 003F 0015 0015 0015 0015 0015 0015 0015 0015 0015 0015 0015 003F 0015 003F 0015 0015 0015 003F 0015 0700 0156 0055 0015 0E3D",,

"FORWARD","sendir,1:1,1,38000,1,69,342,171,21,63,21,21,21,63,21,21,21,21,21,21,21,21,21,63,21,21,21,21,21,21,21,21,21,63,21,63,21,21,21,21,21,21,21,21,21,63,21,21,21,21,21,63,21,21,21,21,21,21,21,21,21,21,21,21,21,63,21,21,21,63,21,63,21,1795,342,85,21,3645","0000 006D 0022 0002 0156 00AB 0015 003F 0015 0015 0015 003F 0015 0015 0015 0015 0015 0015 0015 0015 0015 003F 0015 0015 0015 0015 0015 0015 0015 0015 0015 003F 0015 003F 0015 0015 0015 0015 0015 0015 0015 0015 0015 003F 0015 0015 0015 0015 0015 003F 0015 0015 0015 0015 0015 0015 0015 0015 0015 0015 0015 0015 0015 003F 0015 0015 0015 003F 0015 003F 0015 0703 0156 0055 0015 0E3D",,

"FUNCTION BLUE","sendir,1:1,1,38000,1,69,342,171,21,63,21,21,21,63,21,21,21,21,21,21,21,21,21,63,21,21,21,21,21,21,21,21,21,63,21,63,21,21,21,21,21,63,21,21,21,21,21,21,21,21,21,63,21,63,21,21,21,21,21,21,21,21,21,21,21,63,21,21,21,21,21,63,21,1793,342,85,21,3644","0000 006D 0022 0002 0156 00AB 0015 003F 0015 0015 0015 003F 0015 0015 0015 0015 0015 0015 0015 0015 0015 003F 0015 0015 0015 0015 0015 0015 0015 0015 0015 003F 0015 003F 0015 0015 0015 0015 0015 003F 0015 0015 0015 0015 0015 0015 0015 0015 0015 003F 0015 003F 0015 0015 0015 0015 0015 0015 0015 0015 0015 0015 0015 003F 0015 0015 0015 0015 0015 003F 0015 0701 0156 0055 0015 0E3C",,

"FUNCTION GREEN","sendir,1:1,1,38000,1,69,342,171,21,63,21,21,21,63,21,21,21,21,21,21,21,21,21,63,21,21,21,21,21,21,21,21,21,63,21,63,21,21,21,21,21,63,21,63,21,21,21,21,21,21,21,63,21,63,21,21,21,21,21,21,21,21,21,21,21,63,21,21,21,21,21,63,21,1750,342,85,21,3645","0000 006D 0022 0002 0156 00AB 0015 003F 0015 0015 0015 003F 0015 0015 0015 0015 0015 0015 0015 0015 0015 003F 0015 0015 0015 0015 0015 0015 0015 0015 0015 003F 0015 003F 0015 0015 0015 0015 0015 003F 0015 003F 0015 0015 0015 0015 0015 0015 0015 003F 0015 003F 0015 0015 0015 0015 0015 0015 0015 0015 0015 0015 0015 003F 0015 0015 0015 0015 0015 003F 0015 06D6 0156 0055 0015 0E3D",,

"FUNCTION RED","sendir,1:1,1,38000,1,69,342,171,21,63,21,21,21,63,21,21,21,21,21,21,21,21,21,63,21,21,21,21,21,21,21,21,21,63,21,63,21,21,21,21,21,21,21,63,21,21,21,21,21,21,21,63,21,63,21,21,21,21,21,21,21,21,21,21,21,63,21,21,21,21,21,63,21,1793,342,85,21,3645","0000 006D 0022 0002 0156 00AB 0015 003F 0015 0015 0015 003F 0015 0015 0015 0015 0015 0015 0015 0015 0015 003F 0015 0015 0015 0015 0015 0015 0015 0015 0015 003F 0015 003F 0015 0015 0015 0015 0015 0015 0015 003F 0015 0015 0015 0015 0015 0015 0015 003F 0015 003F 0015 0015 0015 0015 0015 0015 0015 0015 0015 0015 0015 003F 0015 0015 0015 0015 0015 003F 0015 0701 0156 0055 0015 0E3D",,

"FUNCTION YELLOW","sendir,1:1,1,38000,1,69,342,171,21,63,21,21,21,63,21,21,21,21,21,21,21,21,21,63,21,21,21,21,21,21,21,21,21,63,21,63,21,21,21,21,21,21,21,21,21,21,21,21,21,21,21,63,21,63,21,21,21,21,21,21,21,21,21,21,21,63,21,21,21,21,21,63,21,1833,342,85,21,3645","0000 006D 0022 0002 0156 00AB 0015 003F 0015 0015 0015 003F 0015 0015 0015 0015 0015 0015 0015 0015 0015 003F 0015 0015 0015 0015 0015 0015 0015 0015 0015 003F 0015 003F 0015 0015 0015 0015 0015 0015 0015 0015 0015 0015 0015 0015 0015 0015 0015 003F 0015 003F 0015 0015 0015 0015 0015 0015 0015 0015 0015 0015 0015 003F 0015 0015 0015 0015 0015 003F 0015 0729 0156 0055 0015 0E3D",,

"GUIDE","sendir,1:1,1,38000,1,69,342,171,21,63,21,21,21,63,21,21,21,21,21,21,21,21,21,63,21,21,21,21,21,21,21,21,21,63,21,63,21,21,21,21,21,21,21,63,21,63,21,21,21,63,21,63,21,21,21,21,21,21,21,21,21,21,21,21,21,21,21,21,21,63,21,63,21,1753,342,85,21,3645","0000 006D 0022 0002 0156 00AB 0015 003F 0015 0015 0015 003F 0015 0015 0015 0015 0015 0015 0015 0015 0015 003F 0015 0015 0015 0015 0015 0015 0015 0015 0015 003F 0015 003F 0015 0015 0015 0015 0015 0015 0015 003F 0015 003F 0015 0015 0015 003F 0015 003F 0015 0015 0015 0015 0015 0015 0015 0015 0015 0015 0015 0015 0015 0015 0015 0015 0015 003F 0015 003F 0015 06D9 0156 0055 0015 0E3D",,

"INFO","sendir,1:1,1,38000,1,69,342,171,21,63,21,21,21,63,21,21,21,21,21,21,21,21,21,63,21,21,21,21,21,21,21,21,21,63,21,63,21,21,21,21,21,63,21,63,21,21,21,21,21,63,21,21,21,21,21,21,21,21,21,21,21,21,21,21,21,21,21,63,21,63,21,63,21,1750,342,85,21,3645","0000 006D 0022 0002 0156 00AB 0015 003F 0015 0015 0015 003F 0015 0015 0015 0015 0015 0015 0015 0015 0015 003F 0015 0015 0015 0015 0015 0015 0015 0015 0015 003F 0015 003F 0015 0015 0015 0015 0015 003F 0015 003F 0015 0015 0015 0015 0015 003F 0015 0015 0015 0015 0015 0015 0015 0015 0015 0015 0015 0015 0015 0015 0015 0015 0015 003F 0015 003F 0015 003F 0015 06D6 0156 0055 0015 0E3D",,

"LIVE","sendir,1:1,1,38000,1,69,342,171,21,63,21,21,21,63,21,21,21,21,21,21,21,21,21,63,21,21,21,21,21,21,21,21,21,63,21,63,21,21,21,21,21,63,21,21,21,21,21,21,21,63,21,21,21,21,21,21,21,21,21,21,21,21,21,21,21,21,21,63,21,63,21,63,21,1792,342,85,21,3645","0000 006D 0022 0002 0156 00AB 0015 003F 0015 0015 0015 003F 0015 0015 0015 0015 0015 0015 0015 0015 0015 003F 0015 0015 0015 0015 0015 0015 0015 0015 0015 003F 0015 003F 0015 0015 0015 0015 0015 003F 0015 0015 0015 0015 0015 0015 0015 003F 0015 0015 0015 0015 0015 0015 0015 0015 0015 0015 0015 0015 0015 0015 0015 0015 0015 003F 0015 003F 0015 003F 0015 0700 0156 0055 0015 0E3D",,

"MENU DVR","sendir,1:1,1,38000,1,69,342,171,20,63,20,20,20,63,20,20,20,20,20,20,20,20,20,63,20,20,20,20,20,20,20,20,20,63,20,63,20,20,20,20,20,20,20,20,20,63,20,63,20,20,20,20,20,20,20,20,20,20,20,20,20,20,20,20,20,63,20,63,20,63,20,63,20,1750,342,85,20,3645","0000 006D 0022 0002 0156 00AB 0014 003F 0014 0014 0014 003F 0014 0014 0014 0014 0014 0014 0014 0014 0014 003F 0014 0014 0014 0014 0014 0014 0014 0014 0014 003F 0014 003F 0014 0014 0014 0014 0014 0014 0014 0014 0014 003F 0014 003F 0014 0014 0014 0014 0014 0014 0014 0014 0014 0014 0014 0014 0014 0014 0014 0014 0014 003F 0014 003F 0014 003F 0014 003F 0014 06D6 0156 0055 0014 0E3D",,

"MENU MAIN","sendir,1:1,1,38000,1,69,347,173,22,65,22,22,22,65,22,22,22,22,22,22,22,22,22,65,22,22,22,22,22,22,22,22,22,65,22,65,22,22,22,22,22,65,22,22,22,65,22,65,22,22,22,22,22,22,22,22,22,22,22,22,22,22,22,22,22,65,22,65,22,65,22,65,22,1689,347,87,22,3747","0000 006C 0022 0002 015B 00AD 0016 0041 0016 0016 0016 0041 0016 0016 0016 0016 0016 0016 0016 0016 0016 0041 0016 0016 0016 0016 0016 0016 0016 0016 0016 0041 0016 0041 0016 0016 0016 0016 0016 0041 0016 0016 0016 0041 0016 0041 0016 0016 0016 0016 0016 0016 0016 0016 0016 0016 0016 0016 0016 0016 0016 0016 0016 0041 0016 0041 0016 0041 0016 0041 0016 0699 015B 0057 0016 0EA3",,

"MY SHOWS","sendir,1:1,1,38000,1,69,343,172,21,65,21,22,21,65,21,22,21,22,21,22,21,22,21,65,21,22,21,22,21,22,21,22,21,65,21,65,21,22,21,22,21,22,21,65,21,65,21,22,21,22,21,22,21,65,21,22,21,22,21,22,21,22,21,22,21,65,21,65,21,22,21,65,21,1673,343,86,21,3732","0000 006D 0022 0002 0157 00AC 0015 0041 0015 0016 0015 0041 0015 0016 0015 0016 0015 0016 0015 0016 0015 0041 0015 0016 0015 0016 0015 0016 0015 0016 0015 0041 0015 0041 0015 0016 0015 0016 0015 0016 0015 0041 0015 0041 0015 0016 0015 0016 0015 0016 0015 0041 0015 0016 0015 0016 0015 0016 0015 0016 0015 0016 0015 0041 0015 0041 0015 0016 0015 0041 0015 0689 0157 0056 0015 0E94",,

"PAUSE","sendir,1:1,1,38000,1,69,342,171,21,63,21,21,21,63,21,21,21,21,21,21,21,21,21,63,21,21,21,21,21,21,21,21,21,63,21,63,21,21,21,21,21,63,21,63,21,21,21,21,21,21,21,63,21,21,21,21,21,21,21,21,21,21,21,21,21,63,21,21,21,63,21,63,21,1753,342,85,21,3645","0000 006D 0022 0002 0156 00AB 0015 003F 0015 0015 0015 003F 0015 0015 0015 0015 0015 0015 0015 0015 0015 003F 0015 0015 0015 0015 0015 0015 0015 0015 0015 003F 0015 003F 0015 0015 0015 0015 0015 003F 0015 003F 0015 0015 0015 0015 0015 0015 0015 003F 0015 0015 0015 0015 0015 0015 0015 0015 0015 0015 0015 0015 0015 003F 0015 0015 0015 003F 0015 003F 0015 06D9 0156 0055 0015 0E3D",,

"PLAY","sendir,1:1,1,38000,1,69,342,171,21,63,21,21,21,63,21,21,21,21,21,21,21,21,21,63,21,21,21,21,21,21,21,21,21,63,21,63,21,21,21,21,21,63,21,21,21,21,21,21,21,21,21,63,21,21,21,21,21,21,21,21,21,21,21,21,21,63,21,21,21,63,21,63,21,1792,342,85,21,3645","0000 006D 0022 0002 0156 00AB 0015 003F 0015 0015 0015 003F 0015 0015 0015 0015 0015 0015 0015 0015 0015 003F 0015 0015 0015 0015 0015 0015 0015 0015 0015 003F 0015 003F 0015 0015 0015 0015 0015 003F 0015 0015 0015 0015 0015 0015 0015 0015 0015 003F 0015 0015 0015 0015 0015 0015 0015 0015 0015 0015 0015 0015 0015 003F 0015 0015 0015 003F 0015 003F 0015 0700 0156 0055 0015 0E3D",,

"POWER OFF","sendir,1:1,1,38000,1,69,343,172,21,65,21,22,21,65,21,22,21,22,21,22,21,22,21,65,21,22,21,22,21,22,21,22,21,65,21,65,21,22,21,22,21,65,21,22,21,65,21,22,21,65,21,65,21,22,21,22,21,22,21,22,21,22,21,22,21,22,21,22,21,65,21,65,21,1673,343,86,21,3732","0000 006D 0022 0002 0157 00AC 0015 0041 0015 0016 0015 0041 0015 0016 0015 0016 0015 0016 0015 0016 0015 0041 0015 0016 0015 0016 0015 0016 0015 0016 0015 0041 0015 0041 0015 0016 0015 0016 0015 0041 0015 0016 0015 0041 0015 0016 0015 0041 0015 0041 0015 0016 0015 0016 0015 0016 0015 0016 0015 0016 0015 0016 0015 0016 0015 0016 0015 0041 0015 0041 0015 0689 0157 0056 0015 0E94",,

"POWER TOGGLE","sendir,1:1,1,38000,1,69,343,172,21,65,21,22,21,65,21,22,21,22,21,22,21,22,21,65,21,22,21,22,21,22,21,22,21,65,21,65,21,22,21,22,21,22,21,22,21,22,21,22,21,65,21,22,21,22,21,22,21,22,21,22,21,22,21,22,21,22,21,65,21,65,21,65,21,1673,343,86,21,3732","0000 006D 0022 0002 0157 00AC 0015 0041 0015 0016 0015 0041 0015 0016 0015 0016 0015 0016 0015 0016 0015 0041 0015 0016 0015 0016 0015 0016 0015 0016 0015 0041 0015 0041 0015 0016 0015 0016 0015 0016 0015 0016 0015 0016 0015 0016 0015 0041 0015 0016 0015 0016 0015 0016 0015 0016 0015 0016 0015 0016 0015 0016 0015 0016 0015 0041 0015 0041 0015 0041 0015 0689 0157 0056 0015 0E94",,

"PREVIOUS CHANNEL","sendir,1:1,1,38000,1,1,342,172,21,63,21,21,21,63,21,21,21,21,21,21,21,21,21,63,21,21,21,21,21,21,21,21,21,63,21,63,21,21,21,21,21,63,21,63,21,21,21,21,21,63,21,63,21,21,21,21,21,21,21,21,21,21,21,21,21,21,21,21,21,63,21,63,21,1754,342,85,21,1238","0000 006D 0000 0024 0156 00AC 0015 003F 0015 0015 0015 003F 0015 0015 0015 0015 0015 0015 0015 0015 0015 003F 0015 0015 0015 0015 0015 0015 0015 0015 0015 003F 0015 003F 0015 0015 0015 0015 0015 003F 0015 003F 0015 0015 0015 0015 0015 003F 0015 003F 0015 0015 0015 0015 0015 0015 0015 0015 0015 0015 0015 0015 0015 0015 0015 0015 0015 003F 0015 003F 0015 06DA 0156 0055 0015 04D6",,

"RECORD","sendir,1:1,1,38000,1,69,342,171,21,63,21,21,21,63,21,21,21,21,21,21,21,21,21,63,21,21,21,21,21,21,21,21,21,63,21,63,21,21,21,21,21,21,21,21,21,21,21,21,21,21,21,63,21,21,21,21,21,21,21,21,21,21,21,21,21,63,21,21,21,63,21,63,21,1835,342,85,21,3645","0000 006D 0022 0002 0156 00AB 0015 003F 0015 0015 0015 003F 0015 0015 0015 0015 0015 0015 0015 0015 0015 003F 0015 0015 0015 0015 0015 0015 0015 0015 0015 003F 0015 003F 0015 0015 0015 0015 0015 0015 0015 0015 0015 0015 0015 0015 0015 0015 0015 003F 0015 0015 0015 0015 0015 0015 0015 0015 0015 0015 0015 0015 0015 003F 0015 0015 0015 003F 0015 003F 0015 072B 0156 0055 0015 0E3D",,

"REPLAY","sendir,1:1,1,38000,1,69,342,171,21,63,21,21,21,63,21,21,21,21,21,21,21,21,21,63,21,21,21,21,21,21,21,21,21,63,21,63,21,21,21,21,21,21,21,63,21,63,21,21,21,21,21,63,21,21,21,21,21,21,21,21,21,21,21,21,21,63,21,21,21,63,21,63,21,1750,342,85,21,3644","0000 006D 0022 0002 0156 00AB 0015 003F 0015 0015 0015 003F 0015 0015 0015 0015 0015 0015 0015 0015 0015 003F 0015 0015 0015 0015 0015 0015 0015 0015 0015 003F 0015 003F 0015 0015 0015 0015 0015 0015 0015 003F 0015 003F 0015 0015 0015 0015 0015 003F 0015 0015 0015 0015 0015 0015 0015 0015 0015 0015 0015 0015 0015 003F 0015 0015 0015 003F 0015 003F 0015 06D6 0156 0055 0015 0E3C",,

"RESOLUTION 1080I","sendir,1:1,1,38000,1,69,343,172,21,65,21,22,21,65,21,22,21,22,21,22,21,22,21,65,21,22,21,22,21,22,21,22,21,65,21,65,21,22,21,22,21,65,21,22,21,22,21,22,21,65,21,22,21,65,21,22,21,22,21,22,21,22,21,22,21,22,21,65,21,22,21,65,21,1673,343,86,21,3732","0000 006D 0022 0002 0157 00AC 0015 0041 0015 0016 0015 0041 0015 0016 0015 0016 0015 0016 0015 0016 0015 0041 0015 0016 0015 0016 0015 0016 0015 0016 0015 0041 0015 0041 0015 0016 0015 0016 0015 0041 0015 0016 0015 0016 0015 0016 0015 0041 0015 0016 0015 0041 0015 0016 0015 0016 0015 0016 0015 0016 0015 0016 0015 0016 0015 0041 0015 0016 0015 0041 0015 0689 0157 0056 0015 0E94",,

"RESOLUTION 480I","sendir,1:1,1,38000,1,69,343,172,21,65,21,22,21,65,21,22,21,22,21,22,21,22,21,65,21,22,21,22,21,22,21,22,21,65,21,65,21,22,21,22,21,22,21,65,21,65,21,65,21,22,21,22,21,65,21,22,21,22,21,22,21,22,21,22,21,65,21,65,21,22,21,65,21,1673,343,86,21,3732","0000 006D 0022 0002 0157 00AC 0015 0041 0015 0016 0015 0041 0015 0016 0015 0016 0015 0016 0015 0016 0015 0041 0015 0016 0015 0016 0015 0016 0015 0016 0015 0041 0015 0041 0015 0016 0015 0016 0015 0016 0015 0041 0015 0041 0015 0041 0015 0016 0015 0016 0015 0041 0015 0016 0015 0016 0015 0016 0015 0016 0015 0016 0015 0041 0015 0041 0015 0016 0015 0041 0015 0689 0157 0056 0015 0E94",,

"RESOLUTION 480P","sendir,1:1,1,38000,1,69,343,172,21,65,21,22,21,65,21,22,21,22,21,22,21,22,21,65,21,22,21,22,21,22,21,22,21,65,21,65,21,22,21,22,21,65,21,65,21,65,21,65,21,22,21,22,21,65,21,22,21,22,21,22,21,22,21,22,21,65,21,65,21,22,21,65,21,1673,343,86,21,3732","0000 006D 0022 0002 0157 00AC 0015 0041 0015 0016 0015 0041 0015 0016 0015 0016 0015 0016 0015 0016 0015 0041 0015 0016 0015 0016 0015 0016 0015 0016 0015 0041 0015 0041 0015 0016 0015 0016 0015 0041 0015 0041 0015 0041 0015 0041 0015 0016 0015 0016 0015 0041 0015 0016 0015 0016 0015 0016 0015 0016 0015 0016 0015 0041 0015 0041 0015 0016 0015 0041 0015 0689 0157 0056 0015 0E94",,

"RESOLUTION 720P","sendir,1:1,1,38000,1,69,343,172,21,65,21,22,21,65,21,22,21,22,21,22,21,22,21,65,21,22,21,22,21,22,21,22,21,65,21,65,21,22,21,22,21,22,21,22,21,22,21,22,21,65,21,22,21,65,21,22,21,22,21,22,21,22,21,22,21,22,21,65,21,22,21,65,21,1673,343,86,21,3732","0000 006D 0022 0002 0157 00AC 0015 0041 0015 0016 0015 0041 0015 0016 0015 0016 0015 0016 0015 0016 0015 0041 0015 0016 0015 0016 0015 0016 0015 0016 0015 0041 0015 0041 0015 0016 0015 0016 0015 0016 0015 0016 0015 0016 0015 0016 0015 0041 0015 0016 0015 0041 0015 0016 0015 0016 0015 0016 0015 0016 0015 0016 0015 0016 0015 0041 0015 0016 0015 0041 0015 0689 0157 0056 0015 0E94",,

"REVERSE","sendir,1:1,1,38000,1,69,342,171,21,63,21,21,21,63,21,21,21,21,21,21,21,21,21,63,21,21,21,21,21,21,21,21,21,63,21,63,21,21,21,21,21,21,21,63,21,21,21,21,21,21,21,63,21,21,21,21,21,21,21,21,21,21,21,21,21,63,21,21,21,63,21,63,21,1792,342,85,21,3645","0000 006D 0022 0002 0156 00AB 0015 003F 0015 0015 0015 003F 0015 0015 0015 0015 0015 0015 0015 0015 0015 003F 0015 0015 0015 0015 0015 0015 0015 0015 0015 003F 0015 003F 0015 0015 0015 0015 0015 0015 0015 003F 0015 0015 0015 0015 0015 0015 0015 003F 0015 0015 0015 0015 0015 0015 0015 0015 0015 0015 0015 0015 0015 003F 0015 0015 0015 003F 0015 003F 0015 0700 0156 0055 0015 0E3D",,

"SKIP","sendir,1:1,1,38000,1,69,342,171,21,63,21,21,21,63,21,21,21,21,21,21,21,21,21,63,21,21,21,21,21,21,21,21,21,63,21,63,21,21,21,21,21,63,21,63,21,63,21,21,21,21,21,63,21,21,21,21,21,21,21,21,21,21,21,21,21,63,21,21,21,63,21,63,21,1708,342,85,21,3644","0000 006D 0022 0002 0156 00AB 0015 003F 0015 0015 0015 003F 0015 0015 0015 0015 0015 0015 0015 0015 0015 003F 0015 0015 0015 0015 0015 0015 0015 0015 0015 003F 0015 003F 0015 0015 0015 0015 0015 003F 0015 003F 0015 003F 0015 0015 0015 0015 0015 003F 0015 0015 0015 0015 0015 0015 0015 0015 0015 0015 0015 0015 0015 003F 0015 0015 0015 003F 0015 003F 0015 06AC 0156 0055 0015 0E3C",,

"SLOW FORWARD","sendir,1:1,1,38000,1,69,342,171,21,63,21,21,21,63,21,21,21,21,21,21,21,21,21,63,21,21,21,21,21,21,21,21,21,63,21,63,21,21,21,21,21,63,21,21,21,63,21,21,21,21,21,63,21,21,21,21,21,21,21,21,21,21,21,21,21,63,21,21,21,63,21,63,21,1750,342,85,21,3644","0000 006D 0022 0002 0156 00AB 0015 003F 0015 0015 0015 003F 0015 0015 0015 0015 0015 0015 0015 0015 0015 003F 0015 0015 0015 0015 0015 0015 0015 0015 0015 003F 0015 003F 0015 0015 0015 0015 0015 003F 0015 0015 0015 003F 0015 0015 0015 0015 0015 003F 0015 0015 0015 0015 0015 0015 0015 0015 0015 0015 0015 0015 0015 003F 0015 0015 0015 003F 0015 003F 0015 06D6 0156 0055 0015 0E3C",,

"THUMB DOWN","sendir,1:1,1,38000,1,69,342,171,21,63,21,21,21,63,21,21,21,21,21,21,21,21,21,63,21,21,21,21,21,21,21,21,21,63,21,63,21,21,21,21,21,21,21,21,21,21,21,63,21,63,21,21,21,21,21,21,21,21,21,21,21,21,21,21,21,21,21,63,21,63,21,63,21,1792,342,85,21,3645","0000 006D 0022 0002 0156 00AB 0015 003F 0015 0015 0015 003F 0015 0015 0015 0015 0015 0015 0015 0015 0015 003F 0015 0015 0015 0015 0015 0015 0015 0015 0015 003F 0015 003F 0015 0015 0015 0015 0015 0015 0015 0015 0015 0015 0015 003F 0015 003F 0015 0015 0015 0015 0015 0015 0015 0015 0015 0015 0015 0015 0015 0015 0015 0015 0015 003F 0015 003F 0015 003F 0015 0700 0156 0055 0015 0E3D",,

"THUMB UP","sendir,1:1,1,38000,1,69,342,171,21,63,21,21,21,63,21,21,21,21,21,21,21,21,21,63,21,21,21,21,21,21,21,21,21,63,21,63,21,21,21,21,21,21,21,63,21,21,21,63,21,63,21,21,21,21,21,21,21,21,21,21,21,21,21,21,21,21,21,63,21,63,21,63,21,1752,342,85,21,3645","0000 006D 0022 0002 0156 00AB 0015 003F 0015 0015 0015 003F 0015 0015 0015 0015 0015 0015 0015 0015 0015 003F 0015 0015 0015 0015 0015 0015 0015 0015 0015 003F 0015 003F 0015 0015 0015 0015 0015 0015 0015 003F 0015 0015 0015 003F 0015 003F 0015 0015 0015 0015 0015 0015 0015 0015 0015 0015 0015 0015 0015 0015 0015 0015 0015 003F 0015 003F 0015 003F 0015 06D8 0156 0055 0015 0E3D",,

"ZOOM","sendir,1:1,1,38000,1,69,342,171,22,63,22,21,21,64,21,21,22,21,22,21,21,22,21,64,21,21,22,21,22,21,21,21,22,63,22,63,22,21,22,21,21,21,22,21,22,63,22,21,21,22,21,21,22,63,22,21,22,21,21,21,22,21,22,21,21,64,21,64,21,21,22,63,22,1782,343,85,21,1782","0000 006D 0022 0002 0156 00AB 0016 003F 0016 0015 0015 0040 0015 0015 0016 0015 0016 0015 0015 0016 0015 0040 0015 0015 0016 0015 0016 0015 0015 0015 0016 003F 0016 003F 0016 0015 0016 0015 0015 0015 0016 0015 0016 003F 0016 0015 0015 0016 0015 0015 0016 003F 0016 0015 0016 0015 0015 0015 0016 0015 0016 0015 0015 0040 0015 0040 0015 0015 0016 003F 0016 06F6 0157 0055 0015 06F6",,

