TIVO_BACK	sendir,1:1,1,38000,1,69,347,173,22,65,22,22,22,65,22,22,22,22,22,22,22,22,22,65,22,22,22,22,22,22,22,22,22,65,22,65,22,22,22,22,22,65,22,22,22,65,22,65,22,22,22,22,22,22,22,65,22,22,22,22,22,22,22,22,22,65,22,65,22,65,22,22,22,1689,347,87,22,3747
TIVO_CC_OFF	sendir,1:1,1,38000,1,69,343,172,21,65,21,22,21,65,21,22,21,22,21,22,21,22,21,65,21,22,21,22,21,22,21,22,21,65,21,65,21,22,21,22,21,65,21,22,21,22,21,65,21,65,21,22,21,65,21,22,21,22,21,22,21,22,21,22,21,22,21,65,21,22,21,65,21,1673,343,86,21,3732
TIVO_CC_ON	sendir,1:1,1,38000,1,69,343,172,21,65,21,22,21,65,21,22,21,22,21,22,21,22,21,65,21,22,21,22,21,22,21,22,21,65,21,65,21,22,21,22,21,22,21,22,21,22,21,65,21,65,21,22,21,65,21,22,21,22,21,22,21,22,21,22,21,22,21,65,21,22,21,65,21,1673,343,86,21,3732
TIVO_CHANNEL_DOWN	sendir,1:1,1,38000,1,69,342,171,21,63,21,21,21,63,21,21,21,21,21,21,21,21,21,63,21,21,21,21,21,21,21,21,21,63,21,63,21,21,21,21,21,63,21,63,21,63,21,63,21,63,21,21,21,21,21,21,21,21,21,21,21,21,21,21,21,21,21,63,21,63,21,63,21,1666,342,85,21,3644
TIVO_CHANNEL_UP	sendir,1:1,1,38000,1,69,342,171,21,63,21,21,21,63,21,21,21,21,21,21,21,21,21,63,21,21,21,21,21,21,21,21,21,63,21,63,21,21,21,21,21,21,21,63,21,63,21,63,21,63,21,21,21,21,21,21,21,21,21,21,21,21,21,21,21,21,21,63,21,63,21,63,21,1708,342,85,21,3644
TIVO_CLEAR	sendir,1:1,1,38000,1,69,342,171,21,63,21,21,21,63,21,21,21,21,21,21,21,21,21,63,21,21,21,21,21,21,21,21,21,63,21,63,21,21,21,21,21,21,21,63,21,21,21,21,21,63,21,63,21,21,21,21,21,21,21,21,21,21,21,21,21,21,21,21,21,63,21,63,21,1795,342,85,21,3645
TIVO_CURSOR_DOWN	sendir,1:1,1,38000,1,69,342,171,21,63,21,21,21,63,21,21,21,21,21,21,21,21,21,63,21,21,21,21,21,21,21,21,21,63,21,63,21,21,21,21,21,21,21,63,21,63,21,21,21,63,21,21,21,21,21,21,21,21,21,21,21,21,21,21,21,21,21,63,21,63,21,63,21,1750,342,85,21,3644
TIVO_CURSOR_ENTER	sendir,1:1,1,38000,1,69,342,171,21,63,21,21,21,63,21,21,21,21,21,21,21,21,21,63,21,21,21,21,21,21,21,21,21,63,21,63,21,21,21,21,21,63,21,21,21,21,21,63,21,63,21,21,21,21,21,21,21,21,21,21,21,21,21,21,21,21,21,63,21,63,21,63,21,1750,342,85,21,3644
TIVO_CURSOR_LEFT	sendir,1:1,1,38000,1,69,342,171,21,63,21,21,21,63,21,21,21,21,21,21,21,21,21,63,21,21,21,21,21,21,21,21,21,63,21,63,21,21,21,21,21,63,21,63,21,63,21,21,21,63,21,21,21,21,21,21,21,21,21,21,21,21,21,21,21,21,21,63,21,63,21,63,21,1710,342,85,21,3644
TIVO_CURSOR_RIGHT	sendir,1:1,1,38000,1,69,342,171,21,63,21,21,21,63,21,21,21,21,21,21,21,21,21,63,21,21,21,21,21,21,21,21,21,63,21,63,21,21,21,21,21,63,21,21,21,63,21,21,21,63,21,21,21,21,21,21,21,21,21,21,21,21,21,21,21,21,21,63,21,63,21,63,21,1750,342,85,21,3644
TIVO_CURSOR_UP	sendir,1:1,1,38000,1,69,342,171,21,63,21,21,21,63,21,21,21,21,21,21,21,21,21,63,21,21,21,21,21,21,21,21,21,63,21,63,21,21,21,21,21,21,21,21,21,63,21,21,21,63,21,21,21,21,21,21,21,21,21,21,21,21,21,21,21,21,21,63,21,63,21,63,21,1790,342,85,21,3641
TIVO_DIGIT_0	sendir,1:1,1,38000,1,69,342,171,21,63,21,21,21,63,21,21,21,21,21,21,21,21,21,63,21,21,21,21,21,21,21,21,21,63,21,63,21,21,21,21,21,63,21,21,21,21,21,21,21,63,21,63,21,21,21,21,21,21,21,21,21,21,21,21,21,21,21,21,21,63,21,63,21,1793,342,85,21,3644
TIVO_DIGIT_1	sendir,1:1,1,38000,1,69,342,171,21,63,21,21,21,63,21,21,21,21,21,21,21,21,21,63,21,21,21,21,21,21,21,21,21,63,21,63,21,21,21,21,21,21,21,21,21,21,21,63,21,21,21,63,21,21,21,21,21,21,21,21,21,21,21,21,21,63,21,21,21,63,21,63,21,1795,342,85,21,3645
TIVO_DIGIT_2	sendir,1:1,1,38000,1,69,342,171,21,63,21,21,21,63,21,21,21,21,21,21,21,21,21,63,21,21,21,21,21,21,21,21,21,63,21,63,21,21,21,21,21,63,21,21,21,21,21,63,21,21,21,63,21,21,21,21,21,21,21,21,21,21,21,21,21,63,21,21,21,63,21,63,21,1750,342,85,21,3645
TIVO_DIGIT_3	sendir,1:1,1,38000,1,69,342,171,21,63,21,21,21,63,21,21,21,21,21,21,21,21,21,63,21,21,21,21,21,21,21,21,21,63,21,63,21,21,21,21,21,21,21,63,21,21,21,63,21,21,21,63,21,21,21,21,21,21,21,21,21,21,21,21,21,63,21,21,21,63,21,63,21,1750,342,85,21,3645
TIVO_DIGIT_4	sendir,1:1,1,38000,1,69,342,171,21,63,21,21,21,63,21,21,21,21,21,21,21,21,21,63,21,21,21,21,21,21,21,21,21,63,21,63,21,21,21,21,21,63,21,63,21,21,21,63,21,21,21,63,21,21,21,21,21,21,21,21,21,21,21,21,21,63,21,21,21,63,21,63,21,1710,342,85,21,3645
TIVO_DIGIT_5	sendir,1:1,1,38000,1,69,342,171,21,63,21,21,21,63,21,21,21,21,21,21,21,21,21,63,21,21,21,21,21,21,21,21,21,63,21,63,21,21,21,21,21,21,21,21,21,63,21,63,21,21,21,63,21,21,21,21,21,21,21,21,21,21,21,21,21,63,21,21,21,63,21,63,21,1750,342,85,21,3645
TIVO_DIGIT_6	sendir,1:1,1,38000,1,69,342,171,21,63,21,21,21,63,21,21,21,21,21,21,21,21,21,63,21,21,21,21,21,21,21,21,21,63,21,63,21,21,21,21,21,63,21,21,21,63,21,63,21,21,21,63,21,21,21,21,21,21,21,21,21,21,21,21,21,63,21,21,21,63,21,63,21,1708,342,85,21,3645
TIVO_DIGIT_7	sendir,1:1,1,38000,1,69,342,171,21,63,21,21,21,63,21,21,21,21,21,21,21,21,21,63,21,21,21,21,21,21,21,21,21,63,21,63,21,21,21,21,21,21,21,63,21,63,21,63,21,21,21,63,21,21,21,21,21,21,21,21,21,21,21,21,21,63,21,21,21,63,21,63,21,1710,342,85,21,3645
TIVO_DIGIT_8	sendir,1:1,1,38000,1,69,342,171,21,63,21,21,21,63,21,21,21,21,21,21,21,21,21,63,21,21,21,21,21,21,21,21,21,63,21,63,21,21,21,21,21,63,21,63,21,63,21,63,21,21,21,63,21,21,21,21,21,21,21,21,21,21,21,21,21,63,21,21,21,63,21,63,21,1666,342,85,21,3645
TIVO_DIGIT_9	sendir,1:1,1,38000,1,69,342,171,21,63,21,21,21,63,21,21,21,21,21,21,21,21,21,63,21,21,21,21,21,21,21,21,21,63,21,63,21,21,21,21,21,21,21,21,21,21,21,21,21,63,21,63,21,21,21,21,21,21,21,21,21,21,21,21,21,21,21,21,21,63,21,63,21,1833,342,85,21,3645
TIVO_ENTER	sendir,1:1,1,38000,1,1,342,172,21,63,21,21,21,63,21,21,21,21,21,21,21,21,21,63,21,21,21,21,21,21,21,21,21,63,21,63,21,21,21,21,21,63,21,63,21,21,21,21,21,63,21,63,21,21,21,21,21,21,21,21,21,21,21,21,21,21,21,21,21,63,21,63,21,1754,342,85,21,1238
TIVO_FORMAT_HORIZON	sendir,1:1,1,38000,1,69,343,172,21,65,21,22,21,65,21,22,21,22,21,22,21,22,21,65,21,22,21,22,21,22,21,22,21,65,21,65,21,22,21,22,21,65,21,65,21,65,21,22,21,65,21,22,21,65,21,22,21,22,21,22,21,22,21,22,21,22,21,65,21,22,21,65,21,1673,343,86,21,3732
TIVO_FORMAT_SCROLL	sendir,1:1,1,38000,1,69,342,171,21,63,21,21,21,63,21,21,21,21,21,21,21,21,21,63,21,21,21,21,21,21,21,21,21,63,21,63,21,21,21,21,21,21,21,21,21,63,21,21,21,21,21,21,21,63,21,21,21,21,21,21,21,21,21,21,21,63,21,63,21,21,21,63,21,1792,342,85,21,3645
TIVO_FORWARD	sendir,1:1,1,38000,1,69,342,171,21,63,21,21,21,63,21,21,21,21,21,21,21,21,21,63,21,21,21,21,21,21,21,21,21,63,21,63,21,21,21,21,21,21,21,21,21,63,21,21,21,21,21,63,21,21,21,21,21,21,21,21,21,21,21,21,21,63,21,21,21,63,21,63,21,1795,342,85,21,3645
TIVO_FUNCTION_BLUE	sendir,1:1,1,38000,1,69,342,171,21,63,21,21,21,63,21,21,21,21,21,21,21,21,21,63,21,21,21,21,21,21,21,21,21,63,21,63,21,21,21,21,21,63,21,21,21,21,21,21,21,21,21,63,21,63,21,21,21,21,21,21,21,21,21,21,21,63,21,21,21,21,21,63,21,1793,342,85,21,3644
TIVO_FUNCTION_GREEN	sendir,1:1,1,38000,1,69,342,171,21,63,21,21,21,63,21,21,21,21,21,21,21,21,21,63,21,21,21,21,21,21,21,21,21,63,21,63,21,21,21,21,21,63,21,63,21,21,21,21,21,21,21,63,21,63,21,21,21,21,21,21,21,21,21,21,21,63,21,21,21,21,21,63,21,1750,342,85,21,3645
TIVO_FUNCTION_RED	sendir,1:1,1,38000,1,69,342,171,21,63,21,21,21,63,21,21,21,21,21,21,21,21,21,63,21,21,21,21,21,21,21,21,21,63,21,63,21,21,21,21,21,21,21,63,21,21,21,21,21,21,21,63,21,63,21,21,21,21,21,21,21,21,21,21,21,63,21,21,21,21,21,63,21,1793,342,85,21,3645
TIVO_FUNCTION_YELLOW	sendir,1:1,1,38000,1,69,342,171,21,63,21,21,21,63,21,21,21,21,21,21,21,21,21,63,21,21,21,21,21,21,21,21,21,63,21,63,21,21,21,21,21,21,21,21,21,21,21,21,21,21,21,63,21,63,21,21,21,21,21,21,21,21,21,21,21,63,21,21,21,21,21,63,21,1833,342,85,21,3645
TIVO_GUIDE	sendir,1:1,1,38000,1,69,342,171,21,63,21,21,21,63,21,21,21,21,21,21,21,21,21,63,21,21,21,21,21,21,21,21,21,63,21,63,21,21,21,21,21,21,21,63,21,63,21,21,21,63,21,63,21,21,21,21,21,21,21,21,21,21,21,21,21,21,21,21,21,63,21,63,21,1753,342,85,21,3645
TIVO_INFO	sendir,1:1,1,38000,1,69,342,171,21,63,21,21,21,63,21,21,21,21,21,21,21,21,21,63,21,21,21,21,21,21,21,21,21,63,21,63,21,21,21,21,21,63,21,63,21,21,21,21,21,63,21,21,21,21,21,21,21,21,21,21,21,21,21,21,21,21,21,63,21,63,21,63,21,1750,342,85,21,3645
TIVO_LIVE	sendir,1:1,1,38000,1,69,342,171,21,63,21,21,21,63,21,21,21,21,21,21,21,21,21,63,21,21,21,21,21,21,21,21,21,63,21,63,21,21,21,21,21,63,21,21,21,21,21,21,21,63,21,21,21,21,21,21,21,21,21,21,21,21,21,21,21,21,21,63,21,63,21,63,21,1792,342,85,21,3645
TIVO_MENU_DVR	sendir,1:1,1,38000,1,69,342,171,20,63,20,20,20,63,20,20,20,20,20,20,20,20,20,63,20,20,20,20,20,20,20,20,20,63,20,63,20,20,20,20,20,20,20,20,20,63,20,63,20,20,20,20,20,20,20,20,20,20,20,20,20,20,20,20,20,63,20,63,20,63,20,63,20,1750,342,85,20,3645
TIVO_MENU_MAIN	sendir,1:1,1,38000,1,69,347,173,22,65,22,22,22,65,22,22,22,22,22,22,22,22,22,65,22,22,22,22,22,22,22,22,22,65,22,65,22,22,22,22,22,65,22,22,22,65,22,65,22,22,22,22,22,22,22,22,22,22,22,22,22,22,22,22,22,65,22,65,22,65,22,65,22,1689,347,87,22,3747
TIVO_MY_SHOWS	sendir,1:1,1,38000,1,69,343,172,21,65,21,22,21,65,21,22,21,22,21,22,21,22,21,65,21,22,21,22,21,22,21,22,21,65,21,65,21,22,21,22,21,22,21,65,21,65,21,22,21,22,21,22,21,65,21,22,21,22,21,22,21,22,21,22,21,65,21,65,21,22,21,65,21,1673,343,86,21,3732
TIVO_PAUSE	sendir,1:1,1,38000,1,69,342,171,21,63,21,21,21,63,21,21,21,21,21,21,21,21,21,63,21,21,21,21,21,21,21,21,21,63,21,63,21,21,21,21,21,63,21,63,21,21,21,21,21,21,21,63,21,21,21,21,21,21,21,21,21,21,21,21,21,63,21,21,21,63,21,63,21,1753,342,85,21,3645
TIVO_PLAY	sendir,1:1,1,38000,1,69,342,171,21,63,21,21,21,63,21,21,21,21,21,21,21,21,21,63,21,21,21,21,21,21,21,21,21,63,21,63,21,21,21,21,21,63,21,21,21,21,21,21,21,21,21,63,21,21,21,21,21,21,21,21,21,21,21,21,21,63,21,21,21,63,21,63,21,1792,342,85,21,3645
TIVO_POWER_OFF	sendir,1:1,1,38000,1,69,343,172,21,65,21,22,21,65,21,22,21,22,21,22,21,22,21,65,21,22,21,22,21,22,21,22,21,65,21,65,21,22,21,22,21,65,21,22,21,65,21,22,21,65,21,65,21,22,21,22,21,22,21,22,21,22,21,22,21,22,21,22,21,65,21,65,21,1673,343,86,21,3732
TIVO_POWER_TOGGLE	sendir,1:1,1,38000,1,69,343,172,21,65,21,22,21,65,21,22,21,22,21,22,21,22,21,65,21,22,21,22,21,22,21,22,21,65,21,65,21,22,21,22,21,22,21,22,21,22,21,22,21,65,21,22,21,22,21,22,21,22,21,22,21,22,21,22,21,22,21,65,21,65,21,65,21,1673,343,86,21,3732
TIVO_PREVIOUS_CHANNEL	sendir,1:1,1,38000,1,1,342,172,21,63,21,21,21,63,21,21,21,21,21,21,21,21,21,63,21,21,21,21,21,21,21,21,21,63,21,63,21,21,21,21,21,63,21,63,21,21,21,21,21,63,21,63,21,21,21,21,21,21,21,21,21,21,21,21,21,21,21,21,21,63,21,63,21,1754,342,85,21,1238
TIVO_RECORD	sendir,1:1,1,38000,1,69,342,171,21,63,21,21,21,63,21,21,21,21,21,21,21,21,21,63,21,21,21,21,21,21,21,21,21,63,21,63,21,21,21,21,21,21,21,21,21,21,21,21,21,21,21,63,21,21,21,21,21,21,21,21,21,21,21,21,21,63,21,21,21,63,21,63,21,1835,342,85,21,3645
TIVO_REPLAY	sendir,1:1,1,38000,1,69,342,171,21,63,21,21,21,63,21,21,21,21,21,21,21,21,21,63,21,21,21,21,21,21,21,21,21,63,21,63,21,21,21,21,21,21,21,63,21,63,21,21,21,21,21,63,21,21,21,21,21,21,21,21,21,21,21,21,21,63,21,21,21,63,21,63,21,1750,342,85,21,3644
TIVO_RESOLUTION_1080I	sendir,1:1,1,38000,1,69,343,172,21,65,21,22,21,65,21,22,21,22,21,22,21,22,21,65,21,22,21,22,21,22,21,22,21,65,21,65,21,22,21,22,21,65,21,22,21,22,21,22,21,65,21,22,21,65,21,22,21,22,21,22,21,22,21,22,21,22,21,65,21,22,21,65,21,1673,343,86,21,3732
TIVO_RESOLUTION_480I	sendir,1:1,1,38000,1,69,343,172,21,65,21,22,21,65,21,22,21,22,21,22,21,22,21,65,21,22,21,22,21,22,21,22,21,65,21,65,21,22,21,22,21,22,21,65,21,65,21,65,21,22,21,22,21,65,21,22,21,22,21,22,21,22,21,22,21,65,21,65,21,22,21,65,21,1673,343,86,21,3732
TIVO_RESOLUTION_480P	sendir,1:1,1,38000,1,69,343,172,21,65,21,22,21,65,21,22,21,22,21,22,21,22,21,65,21,22,21,22,21,22,21,22,21,65,21,65,21,22,21,22,21,65,21,65,21,65,21,65,21,22,21,22,21,65,21,22,21,22,21,22,21,22,21,22,21,65,21,65,21,22,21,65,21,1673,343,86,21,3732
TIVO_RESOLUTION_720P	sendir,1:1,1,38000,1,69,343,172,21,65,21,22,21,65,21,22,21,22,21,22,21,22,21,65,21,22,21,22,21,22,21,22,21,65,21,65,21,22,21,22,21,22,21,22,21,22,21,22,21,65,21,22,21,65,21,22,21,22,21,22,21,22,21,22,21,22,21,65,21,22,21,65,21,1673,343,86,21,3732
TIVO_REVERSE	sendir,1:1,1,38000,1,69,342,171,21,63,21,21,21,63,21,21,21,21,21,21,21,21,21,63,21,21,21,21,21,21,21,21,21,63,21,63,21,21,21,21,21,21,21,63,21,21,21,21,21,21,21,63,21,21,21,21,21,21,21,21,21,21,21,21,21,63,21,21,21,63,21,63,21,1792,342,85,21,3645
TIVO_SKIP	sendir,1:1,1,38000,1,69,342,171,21,63,21,21,21,63,21,21,21,21,21,21,21,21,21,63,21,21,21,21,21,21,21,21,21,63,21,63,21,21,21,21,21,63,21,63,21,63,21,21,21,21,21,63,21,21,21,21,21,21,21,21,21,21,21,21,21,63,21,21,21,63,21,63,21,1708,342,85,21,3644
TIVO_SLOW_FORWARD	sendir,1:1,1,38000,1,69,342,171,21,63,21,21,21,63,21,21,21,21,21,21,21,21,21,63,21,21,21,21,21,21,21,21,21,63,21,63,21,21,21,21,21,63,21,21,21,63,21,21,21,21,21,63,21,21,21,21,21,21,21,21,21,21,21,21,21,63,21,21,21,63,21,63,21,1750,342,85,21,3644
TIVO_THUMB_DOWN	sendir,1:1,1,38000,1,69,342,171,21,63,21,21,21,63,21,21,21,21,21,21,21,21,21,63,21,21,21,21,21,21,21,21,21,63,21,63,21,21,21,21,21,21,21,21,21,21,21,63,21,63,21,21,21,21,21,21,21,21,21,21,21,21,21,21,21,21,21,63,21,63,21,63,21,1792,342,85,21,3645
TIVO_THUMB_UP	sendir,1:1,1,38000,1,69,342,171,21,63,21,21,21,63,21,21,21,21,21,21,21,21,21,63,21,21,21,21,21,21,21,21,21,63,21,63,21,21,21,21,21,21,21,63,21,21,21,63,21,63,21,21,21,21,21,21,21,21,21,21,21,21,21,21,21,21,21,63,21,63,21,63,21,1752,342,85,21,3645
TIVO_ZOOM	sendir,1:1,1,38000,1,69,342,171,22,63,22,21,21,64,21,21,22,21,22,21,21,22,21,64,21,21,22,21,22,21,21,21,22,63,22,63,22,21,22,21,21,21,22,21,22,63,22,21,21,22,21,21,22,63,22,21,22,21,21,21,22,21,22,21,21,64,21,64,21,21,22,63,22,1782,343,85,21,1782
